0 0.6125 0.1375 0.0125 0.05416666666666667
0 0.4921875 0.13333333333333333 0.015625 0.058333333333333334
0 0.5625 0.13958333333333334 0.015625 0.05
2 0.36875 0.06458333333333334 0.0390625 0.0375
0 0.5390625 0.125 0.01875 0.05416666666666667
2 0.2515625 0.03125 0.0390625 0.03333333333333333
2 0.5234375 0.19791666666666666 0.09375 0.07083333333333333
6 0.803125 0.2 0.228125 0.19791666666666666
2 0.6390625 0.28125 0.1171875 0.075
2 0.0375 0.15416666666666667 0.075 0.058333333333333334
2 0.3296875 0.20833333333333334 0.0921875 0.06875
2 0.3140625 0.09166666666666666 0.0609375 0.06875
2 0.3640625 0.1 0.046875 0.05416666666666667
