2 0.534375 0.375 0.2125 0.17083333333333334
5 0.534375 0.3729166666666667 0.21875 0.175
5 0.421875 0.09583333333333334 0.05 0.0625
2 0.2515625 0.03125 0.0421875 0.0375
5 0.925 0.3020833333333333 0.15 0.2791666666666667
2 0.4734375 0.010416666666666666 0.025 0.022916666666666665
2 0.4171875 0.20208333333333334 0.1109375 0.06875
2 0.4640625 0.0625 0.034375 0.04583333333333333
2 0.5359375 0.11875 0.0421875 0.05
2 0.328125 0.08958333333333333 0.046875 0.05
2 0.109375 0.4354166666666667 0.2125 0.19791666666666666
