2 0.5171875 0.022916666666666665 0.03125 0.04583333333333333
6 0.38125 0.0375 0.0578125 0.07708333333333334
2 0.2125 0.15208333333333332 0.0625 0.06875
2 0.4640625 0.041666666666666664 0.03125 0.03333333333333333
2 0.490625 0.016666666666666666 0.0203125 0.029166666666666667
2 0.465625 0.014583333333333334 0.0265625 0.029166666666666667
2 0.428125 0.0625 0.034375 0.04583333333333333
2 0.0765625 0.8083333333333333 0.153125 0.3645833333333333
5 0.3703125 0.0375 0.0421875 0.07708333333333334
2 0.4890625 0.04583333333333333 0.03125 0.0375
2 0.4671875 0.06666666666666667 0.034375 0.04583333333333333
2 0.240625 0.16875 0.09375 0.10833333333333334
4 0.2140625 0.06666666666666667 0.1734375 0.10833333333333334
2 0.4390625 0.09166666666666666 0.0390625 0.05
2 0.3546875 0.10625 0.05 0.05416666666666667
