2 0.3703125 0.06041666666666667 0.0390625 0.041666666666666664
5 0.6078125 0.027083333333333334 0.03125 0.05416666666666667
2 0.4546875 0.075 0.0375 0.04583333333333333
2 0.4390625 0.041666666666666664 0.034375 0.041666666666666664
5 0.7828125 0.19791666666666666 0.0984375 0.18333333333333332
2 0.459375 0.016666666666666666 0.0265625 0.027083333333333334
2 0.3765625 0.0875 0.05 0.06666666666666667
6 0.896875 0.225 0.1921875 0.25416666666666665
2 0.6015625 0.13958333333333334 0.046875 0.058333333333333334
2 0.153125 0.175 0.109375 0.07916666666666666
2 0.3265625 0.09166666666666666 0.046875 0.05
