0 0.6203125 0.13958333333333334 0.01875 0.05416666666666667
0 0.5703125 0.13958333333333334 0.0125 0.05416666666666667
2 0.2515625 0.03125 0.0390625 0.03333333333333333
2 0.36875 0.06458333333333334 0.0390625 0.0375
6 0.796875 0.20208333333333334 0.234375 0.19583333333333333
2 0.58125 0.26666666666666666 0.115625 0.06875
2 0.0171875 0.14375 0.034375 0.058333333333333334
2 0.5234375 0.19583333333333333 0.090625 0.07083333333333333
2 0.284375 0.20208333333333334 0.090625 0.06666666666666667
2 0.3640625 0.1 0.046875 0.05416666666666667
2 0.3140625 0.09166666666666666 0.0609375 0.06875
