5 0.4734375 0.0125 0.0421875 0.027083333333333334
5 0.4234375 0.09791666666666667 0.0390625 0.05416666666666667
2 0.4546875 0.07708333333333334 0.0390625 0.05
2 0.171875 0.9125 0.296875 0.17083333333333334
5 0.6203125 0.014583333333333334 0.0265625 0.03125
2 0.2515625 0.03125 0.0390625 0.03333333333333333
2 0.565625 0.16666666666666666 0.046875 0.06666666666666667
2 0.6015625 0.07916666666666666 0.03125 0.041666666666666664
2 0.575 0.027083333333333334 0.0203125 0.03125
2 0.4953125 0.3375 0.078125 0.11666666666666667
2 0.4875 0.052083333333333336 0.03125 0.0375
