2 0.3953125 0.04791666666666667 0.028125 0.03125
5 0.459375 0.029166666666666667 0.046875 0.058333333333333334
2 0.425 0.029166666666666667 0.034375 0.041666666666666664
2 0.4921875 0.016666666666666666 0.028125 0.03333333333333333
2 0.2515625 0.03125 0.0390625 0.0375
5 0.1625 0.25 0.1015625 0.23333333333333334
2 0.9375 0.3625 0.121875 0.15833333333333333
2 0.3609375 0.06875 0.0390625 0.04583333333333333
2 0.378125 0.0875 0.0453125 0.05416666666666667
6 0.6359375 0.13541666666666666 0.16875 0.22291666666666668
2 0.3140625 0.09583333333333334 0.053125 0.05416666666666667
6 0.4296875 0.24791666666666667 0.478125 0.25
