0 0.834375 0.3125 0.0265625 0.07708333333333334
2 0.5125 0.008333333333333333 0.0265625 0.01875
2 0.5234375 0.2375 0.0625 0.1
2 0.4390625 0.08333333333333333 0.0421875 0.05
2 0.09375 0.2708333333333333 0.1171875 0.12291666666666666
2 0.4265625 0.058333333333333334 0.0390625 0.041666666666666664
2 0.603125 0.07083333333333333 0.0265625 0.041666666666666664
2 0.5703125 0.041666666666666664 0.025 0.03333333333333333
2 0.453125 0.20208333333333334 0.0625 0.08333333333333333
2 0.471875 0.05416666666666667 0.0390625 0.05416666666666667
2 0.525 0.10833333333333334 0.0421875 0.0625
