5 0.678125 0.20208333333333334 0.0578125 0.11666666666666667
0 0.4671875 0.11875 0.0125 0.05
0 0.4921875 0.13541666666666666 0.015625 0.05416666666666667
0 0.6 0.15 0.0203125 0.058333333333333334
2 0.36875 0.06458333333333334 0.0390625 0.0375
2 0.2515625 0.03125 0.0390625 0.03333333333333333
2 0.5234375 0.19583333333333333 0.0921875 0.06875
4 0.81875 0.6520833333333333 0.3546875 0.475
2 0.9296875 0.32916666666666666 0.1375 0.09166666666666666
6 0.8046875 0.2 0.228125 0.19791666666666666
2 0.3640625 0.09791666666666667 0.046875 0.05416666666666667
2 0.3140625 0.08958333333333333 0.0609375 0.06875
2 0.4984375 0.24375 0.1265625 0.07708333333333334
