2 0.39375 0.04791666666666667 0.0265625 0.03125
2 0.425 0.029166666666666667 0.034375 0.0375
5 0.459375 0.029166666666666667 0.046875 0.058333333333333334
2 0.4921875 0.016666666666666666 0.03125 0.03333333333333333
2 0.2515625 0.03125 0.0390625 0.0375
5 0.790625 0.19791666666666666 0.1171875 0.18541666666666667
6 0.8984375 0.23333333333333334 0.203125 0.275
2 0.609375 0.05416666666666667 0.025 0.0375
2 0.3609375 0.06875 0.0390625 0.041666666666666664
2 0.578125 0.13958333333333334 0.05 0.058333333333333334
2 0.3140625 0.09583333333333334 0.053125 0.05416666666666667
2 0.378125 0.0875 0.0453125 0.05416666666666667
2 0.4609375 0.4041666666666667 0.1875 0.13958333333333334
5 0.8625 0.3 0.1375 0.23958333333333334
