2 0.421875 0.09791666666666667 0.046875 0.0625
2 0.196875 0.7604166666666666 0.378125 0.475
2 0.45625 0.075 0.0375 0.05
2 0.496875 0.014583333333333334 0.025 0.029166666666666667
2 0.2375 0.5166666666666667 0.1734375 0.20416666666666666
2 0.5078125 0.03333333333333333 0.0265625 0.03333333333333333
2 0.53125 0.016666666666666666 0.03125 0.03333333333333333
2 0.5828125 0.014583333333333334 0.01875 0.029166666666666667
2 0.478125 0.16875 0.046875 0.06666666666666667
2 0.4875 0.05 0.03125 0.0375
2 0.3515625 0.09166666666666666 0.0640625 0.08541666666666667
5 0.5703125 0.10208333333333333 0.06875 0.14166666666666666
