2 0.3921875 0.04791666666666667 0.0265625 0.03125
1 0.6359375 0.13958333333333334 0.046875 0.06875
2 0.425 0.029166666666666667 0.034375 0.041666666666666664
5 0.459375 0.029166666666666667 0.046875 0.058333333333333334
5 0.63125 0.008333333333333333 0.025 0.016666666666666666
2 0.8359375 0.25416666666666665 0.134375 0.0625
2 0.2515625 0.03125 0.0390625 0.0375
2 0.4921875 0.016666666666666666 0.028125 0.03333333333333333
2 0.3609375 0.06875 0.0390625 0.04583333333333333
2 0.678125 0.20208333333333334 0.0953125 0.075
2 0.8703125 0.3104166666666667 0.15625 0.1
2 0.3140625 0.09583333333333334 0.053125 0.05416666666666667
2 0.378125 0.0875 0.0453125 0.05416666666666667
2 0.1421875 0.17916666666666667 0.0859375 0.0625
