0 0.1875 0.1125 0.015625 0.05416666666666667
5 0.4625 0.01875 0.0625 0.0375
0 0.8265625 0.22916666666666666 0.0171875 0.07083333333333333
2 0.4390625 0.08541666666666667 0.0421875 0.05416666666666667
2 0.31875 0.05625 0.0546875 0.05
2 0.5828125 0.0125 0.0234375 0.027083333333333334
2 0.4734375 0.05625 0.0375 0.05
2 0.571875 0.0875 0.0265625 0.041666666666666664
2 0.5609375 0.04375 0.0265625 0.03333333333333333
2 0.1078125 0.20208333333333334 0.0625 0.075
2 0.3796875 0.08125 0.0421875 0.05416666666666667
2 0.3171875 0.0875 0.0546875 0.06875
