0 0.1875 0.11041666666666666 0.01875 0.05
2 0.253125 0.03125 0.0375 0.03333333333333333
2 0.1109375 0.32083333333333336 0.1 0.16041666666666668
2 0.2 0.8166666666666667 0.3125 0.35625
2 0.471875 0.010416666666666666 0.028125 0.020833333333333332
2 0.3765625 0.058333333333333334 0.0421875 0.05
2 0.5828125 0.016666666666666666 0.01875 0.029166666666666667
2 0.4421875 0.23333333333333334 0.06875 0.09166666666666666
2 0.471875 0.05625 0.0390625 0.05
2 0.5546875 0.0625 0.03125 0.0375
2 0.3921875 0.07708333333333334 0.0421875 0.05
2 0.0578125 0.18541666666666667 0.075 0.06666666666666667
2 0.5171875 0.11458333333333333 0.0390625 0.05416666666666667
