6 0.1125 0.2125 0.1890625 0.22291666666666668
6 0.540625 0.0625 0.0453125 0.09166666666666666
5 0.321875 0.058333333333333334 0.0421875 0.08333333333333333
6 0.353125 0.05 0.09375 0.10208333333333333
2 0.4265625 0.03333333333333333 0.03125 0.03333333333333333
2 0.4265625 0.06041666666666667 0.034375 0.04583333333333333
2 0.5796875 0.014583333333333334 0.0203125 0.03125
2 0.3171875 0.125 0.0609375 0.06875
2 0.125 0.7104166666666667 0.246875 0.3375
2 0.4546875 0.19583333333333333 0.0578125 0.07083333333333333
2 0.478125 0.05416666666666667 0.034375 0.041666666666666664
