2 0.5109375 0.010416666666666666 0.025 0.020833333333333332
2 0.425 0.029166666666666667 0.034375 0.041666666666666664
5 0.459375 0.029166666666666667 0.046875 0.058333333333333334
2 0.4921875 0.016666666666666666 0.028125 0.03333333333333333
2 0.2515625 0.03125 0.0390625 0.0375
5 0.6015625 0.04583333333333333 0.0375 0.06875
2 0.3609375 0.06875 0.0390625 0.04583333333333333
2 0.6125 0.25833333333333336 0.115625 0.08541666666666667
2 0.8671875 0.2708333333333333 0.1375 0.075
2 0.690625 0.20833333333333334 0.1015625 0.07708333333333334
2 0.3140625 0.09583333333333334 0.053125 0.05416666666666667
2 0.378125 0.0875 0.0453125 0.05416666666666667
2 0.1953125 0.18333333333333332 0.1 0.07083333333333333
