2 0.3703125 0.06041666666666667 0.0390625 0.041666666666666664
5 0.56875 0.11666666666666667 0.103125 0.14375
2 0.5140625 0.008333333333333333 0.0234375 0.016666666666666666
5 0.415625 0.10208333333333333 0.05 0.06666666666666667
2 0.3765625 0.0875 0.05 0.06666666666666667
2 0.453125 0.075 0.034375 0.04583333333333333
2 0.4390625 0.041666666666666664 0.034375 0.041666666666666664
2 0.459375 0.016666666666666666 0.0265625 0.027083333333333334
6 0.7140625 0.16458333333333333 0.353125 0.24375
2 0.3265625 0.09166666666666666 0.05 0.05
