5 0.4078125 0.06875 0.0421875 0.05
2 0.03125 0.8770833333333333 0.0625 0.24583333333333332
0 0.2015625 0.11041666666666666 0.01875 0.058333333333333334
0 0.8296875 0.25 0.0203125 0.07708333333333334
2 0.5828125 0.0125 0.0171875 0.025
2 0.51875 0.022916666666666665 0.03125 0.04583333333333333
2 0.475 0.027083333333333334 0.0265625 0.03333333333333333
2 0.5265625 0.08125 0.0453125 0.08541666666666667
2 0.2515625 0.03125 0.0390625 0.03333333333333333
2 0.490625 0.04583333333333333 0.028125 0.0375
2 0.46875 0.06875 0.0375 0.04583333333333333
2 0.4484375 0.20416666666666666 0.0671875 0.09166666666666666
2 0.4390625 0.09375 0.0390625 0.05
2 0.5875 0.07083333333333333 0.0265625 0.0375
2 0.54375 0.18958333333333333 0.0546875 0.1
2 0.259375 0.16875 0.0703125 0.075
2 0.3171875 0.10208333333333333 0.05 0.05
