5 0.571875 0.035416666666666666 0.0390625 0.07083333333333333
2 0.5578125 0.0875 0.03125 0.05
2 0.4046875 0.04791666666666667 0.03125 0.03333333333333333
2 0.0703125 0.3 0.1375 0.14166666666666666
2 0.45625 0.19375 0.0796875 0.12916666666666668
2 0.4640625 0.0625 0.0390625 0.04583333333333333
2 0.43125 0.0875 0.0421875 0.05416666666666667
2 0.45625 0.016666666666666666 0.03125 0.03333333333333333
5 0.1171875 0.16666666666666666 0.075 0.14166666666666666
2 0.478125 0.022916666666666665 0.0265625 0.03125
6 0.165625 0.1375 0.153125 0.17291666666666666
2 0.3359375 0.11875 0.0578125 0.058333333333333334
2 0.35625 0.06875 0.046875 0.04583333333333333
