2 0.1375 0.6979166666666666 0.2734375 0.375
2 0.4484375 0.075 0.0375 0.05
2 0.2515625 0.03125 0.0390625 0.03333333333333333
2 0.503125 0.0125 0.025 0.025
2 0.421875 0.2708333333333333 0.078125 0.10208333333333333
2 0.571875 0.035416666666666666 0.0234375 0.03333333333333333
2 0.5 0.13958333333333334 0.046875 0.058333333333333334
2 0.5375 0.08125 0.03125 0.041666666666666664
2 0.2203125 0.14583333333333334 0.0625 0.0625
2 0.3609375 0.10208333333333333 0.05 0.05416666666666667
2 0.1015625 0.25625 0.140625 0.14583333333333334
