6 0.3484375 0.05 0.0765625 0.1
6 0.5921875 0.08333333333333333 0.0546875 0.12916666666666668
2 0.2515625 0.03333333333333333 0.0421875 0.0375
2 0.509375 0.0125 0.01875 0.020833333333333332
0 0.4234375 0.12916666666666668 0.015625 0.05416666666666667
2 0.378125 0.08125 0.053125 0.06875
2 0.4109375 0.07083333333333333 0.034375 0.04583333333333333
5 0.3296875 0.06666666666666667 0.0421875 0.07916666666666666
2 0.421875 0.03333333333333333 0.0265625 0.03333333333333333
2 0.984375 0.29375 0.03125 0.075
2 0.434375 0.05 0.034375 0.041666666666666664
2 0.4625 0.03333333333333333 0.0265625 0.03333333333333333
2 0.4875 0.04583333333333333 0.034375 0.04583333333333333
2 0.2484375 0.19583333333333333 0.1015625 0.058333333333333334
2 0.7484375 0.23541666666666666 0.121875 0.07083333333333333
2 0.4953125 0.23541666666666666 0.10625 0.07708333333333334
2 0.8234375 0.3 0.18125 0.11666666666666667
