5 0.4296875 0.08958333333333333 0.0625 0.07916666666666666
2 0.5921875 0.04375 0.025 0.03333333333333333
2 0.2515625 0.03125 0.0390625 0.03333333333333333
2 0.4078125 0.03333333333333333 0.0421875 0.0625
2 0.4375 0.04583333333333333 0.0390625 0.04583333333333333
2 0.45625 0.016666666666666666 0.028125 0.03125
2 0.2984375 0.10833333333333334 0.0578125 0.058333333333333334
2 0.11875 0.6916666666666667 0.2390625 0.34375
2 0.3640625 0.10208333333333333 0.046875 0.05
2 0.4546875 0.20625 0.0625 0.08541666666666667
2 0.1171875 0.19583333333333333 0.1015625 0.09791666666666667
2 0.234375 0.17083333333333334 0.0953125 0.10208333333333333
