1 0.203125 0.11458333333333333 0.0265625 0.05416666666666667
2 0.46875 0.010416666666666666 0.0265625 0.022916666666666665
2 0.4953125 0.014583333333333334 0.0265625 0.03125
2 0.2515625 0.03125 0.0390625 0.0375
2 0.4234375 0.09791666666666667 0.0390625 0.05
6 0.0703125 0.19791666666666666 0.140625 0.2604166666666667
2 0.4640625 0.0375 0.03125 0.03333333333333333
2 0.9078125 0.8854166666666666 0.1796875 0.22916666666666666
2 0.2984375 0.42291666666666666 0.1265625 0.175
5 0.6203125 0.016666666666666666 0.03125 0.03333333333333333
2 0.4578125 0.075 0.0375 0.04583333333333333
2 0.4578125 0.20208333333333334 0.0625 0.08333333333333333
2 0.5171875 0.11458333333333333 0.034375 0.05
2 0.375 0.09375 0.0453125 0.05
2 0.2625 0.12708333333333333 0.0625 0.0625
2 0.2859375 0.15416666666666667 0.0671875 0.06666666666666667
