0 0.6515625 0.13541666666666666 0.0171875 0.05416666666666667
0 0.7375 0.17291666666666666 0.015625 0.05416666666666667
2 0.2515625 0.027083333333333334 0.0390625 0.03125
2 0.38125 0.09166666666666666 0.0390625 0.04583333333333333
2 0.5 0.0125 0.025 0.027083333333333334
2 0.4796875 0.027083333333333334 0.0265625 0.03333333333333333
6 0.340625 0.05625 0.0984375 0.11458333333333333
2 0.578125 0.18958333333333333 0.09375 0.07083333333333333
2 0.5109375 0.24166666666666667 0.1265625 0.07708333333333334
2 0.1859375 0.175 0.0953125 0.06875
