0 0.1796875 0.11875 0.0125 0.04583333333333333
2 0.5859375 0.016666666666666666 0.01875 0.029166666666666667
2 0.4546875 0.016666666666666666 0.0203125 0.03125
2 0.4328125 0.029166666666666667 0.034375 0.041666666666666664
2 0.4375 0.08333333333333333 0.0453125 0.058333333333333334
2 0.4875 0.016666666666666666 0.0265625 0.03125
2 0.3921875 0.08541666666666667 0.046875 0.05416666666666667
2 0.50625 0.0125 0.0203125 0.025
2 0.4703125 0.05416666666666667 0.0421875 0.05416666666666667
2 0.25625 0.12916666666666668 0.0640625 0.058333333333333334
2 0.6046875 0.05416666666666667 0.025 0.041666666666666664
2 0.3375 0.08333333333333333 0.0421875 0.05
