5 0.315625 0.07291666666666667 0.0546875 0.08541666666666667
2 0.425 0.09791666666666667 0.0421875 0.05416666666666667
0 0.6703125 0.14375 0.0171875 0.05
0 0.775 0.1625 0.01875 0.05
2 0.5125 0.008333333333333333 0.0265625 0.016666666666666666
2 0.684375 0.22083333333333333 0.103125 0.07083333333333333
2 0.2515625 0.03125 0.0390625 0.03333333333333333
2 0.4640625 0.035416666666666666 0.028125 0.03333333333333333
2 0.49375 0.014583333333333334 0.0265625 0.03125
2 0.5828125 0.1375 0.0421875 0.05416666666666667
2 0.565625 0.05 0.0265625 0.03333333333333333
2 0.3765625 0.09166666666666666 0.0421875 0.05
