5 0.4234375 0.09791666666666667 0.0390625 0.05416666666666667
2 0.5890625 0.008333333333333333 0.01875 0.016666666666666666
2 0.4546875 0.07708333333333334 0.0390625 0.05
2 0.5734375 0.15 0.0421875 0.058333333333333334
2 0.2515625 0.03125 0.0390625 0.03333333333333333
2 0.425 0.4395833333333333 0.1234375 0.18125
2 0.5796875 0.029166666666666667 0.0203125 0.03125
5 0.621875 0.014583333333333334 0.0265625 0.03125
2 0.55 0.07291666666666667 0.03125 0.041666666666666664
2 0.4890625 0.05 0.028125 0.0375
