2 0.196875 0.16666666666666666 0.0828125 0.07083333333333333
2 0.45625 0.075 0.0375 0.04583333333333333
2 0.496875 0.0125 0.025 0.027083333333333334
2 0.246875 0.4979166666666667 0.153125 0.2
2 0.390625 0.3 0.078125 0.10833333333333334
2 0.53125 0.016666666666666666 0.03125 0.03333333333333333
2 0.4875 0.05 0.03125 0.0375
2 0.3203125 0.12916666666666668 0.0609375 0.06666666666666667
2 0.0609375 0.24375 0.109375 0.1
2 0.509375 0.03333333333333333 0.0265625 0.03333333333333333
2 0.534375 0.22291666666666668 0.053125 0.07083333333333333
2 0.4640625 0.03333333333333333 0.03125 0.0375
