6 0.3296875 0.06041666666666667 0.1140625 0.11875
0 0.103125 0.08958333333333333 0.015625 0.04583333333333333
0 0.2 0.11041666666666666 0.01875 0.058333333333333334
0 0.85 0.20833333333333334 0.0203125 0.07083333333333333
2 0.584375 0.0125 0.0203125 0.027083333333333334
2 0.4890625 0.04583333333333333 0.03125 0.0375
2 0.46875 0.06875 0.034375 0.04583333333333333
2 0.559375 0.041666666666666664 0.0265625 0.041666666666666664
2 0.4390625 0.09166666666666666 0.0390625 0.05
6 0.3703125 0.5104166666666666 0.2671875 0.5458333333333333
2 0.6046875 0.041666666666666664 0.0265625 0.04583333333333333
2 0.2515625 0.03333333333333333 0.0390625 0.041666666666666664
2 0.5015625 0.13958333333333334 0.046875 0.06875
2 0.103125 0.2604166666666667 0.121875 0.12291666666666666
2 0.359375 0.10416666666666667 0.05 0.05416666666666667
5 0.2796875 0.07916666666666666 0.0703125 0.12291666666666666
