2 0.396875 0.075 0.0453125 0.05
2 0.5171875 0.022916666666666665 0.0265625 0.0375
2 0.4375 0.027083333333333334 0.028125 0.041666666666666664
2 0.2515625 0.03125 0.0390625 0.03333333333333333
5 0.31875 0.06666666666666667 0.0421875 0.0875
2 0.4328125 0.05 0.034375 0.041666666666666664
6 0.340625 0.052083333333333336 0.078125 0.1
2 0.46875 0.06666666666666667 0.034375 0.041666666666666664
2 0.428125 0.09375 0.046875 0.058333333333333334
2 0.4625 0.03125 0.0265625 0.03125
2 0.353125 0.09791666666666667 0.0578125 0.075
