1 0.203125 0.11458333333333333 0.0265625 0.05416666666666667
2 0.4 0.041666666666666664 0.034375 0.03333333333333333
6 0.290625 0.07708333333333334 0.1015625 0.12708333333333333
2 0.253125 0.03125 0.0375 0.03333333333333333
5 0.4234375 0.09791666666666667 0.0390625 0.05416666666666667
2 0.5390625 0.010416666666666666 0.0234375 0.020833333333333332
2 0.5765625 0.016666666666666666 0.0234375 0.03125
2 0.3828125 0.08541666666666667 0.046875 0.0625
2 0.45625 0.075 0.0375 0.04583333333333333
2 0.4796875 0.31875 0.0703125 0.10625
2 0.471875 0.03125 0.03125 0.03333333333333333
2 0.5484375 0.058333333333333334 0.0265625 0.041666666666666664
5 0.6203125 0.014583333333333334 0.0265625 0.03125
2 0.453125 0.01875 0.03125 0.0375
2 0.1578125 0.23333333333333334 0.1078125 0.10833333333333334
2 0.515625 0.11875 0.0375 0.05416666666666667
