2 0.8765625 0.9125 0.24375 0.17083333333333334
0 0.9296875 0.18958333333333333 0.025 0.0625
2 0.2515625 0.03125 0.0390625 0.03333333333333333
5 0.425 0.09375 0.046875 0.0625
2 0.39375 0.07708333333333334 0.05 0.0625
2 0.0546875 0.32083333333333336 0.109375 0.14166666666666666
2 0.559375 0.05416666666666667 0.0265625 0.0375
2 0.4328125 0.225 0.06875 0.07916666666666666
2 0.58125 0.11041666666666666 0.03125 0.04583333333333333
2 0.2796875 0.45208333333333334 0.1328125 0.17291666666666666
2 0.5 0.13541666666666666 0.046875 0.06666666666666667
2 0.4765625 0.027083333333333334 0.0265625 0.03333333333333333
2 0.0171875 0.08958333333333333 0.034375 0.04583333333333333
2 0.5265625 0.23958333333333334 0.0625 0.09166666666666666
2 0.1734375 0.175 0.090625 0.0875
