0 0.925 0.19791666666666666 0.01875 0.06875
5 0.3609375 0.07708333333333334 0.078125 0.11458333333333333
2 0.6234375 0.008333333333333333 0.01875 0.01875
2 0.4390625 0.041666666666666664 0.0390625 0.05416666666666667
2 0.5703125 0.03125 0.0265625 0.03125
5 0.5546875 0.12291666666666666 0.0625 0.15416666666666667
6 0.1828125 0.12291666666666666 0.1453125 0.16041666666666668
2 0.2515625 0.03125 0.0390625 0.03333333333333333
6 0.078125 0.17708333333333334 0.1578125 0.22083333333333333
2 0.0375 0.32916666666666666 0.0765625 0.15
2 0.490625 0.04583333333333333 0.028125 0.0375
2 0.4390625 0.09166666666666666 0.0390625 0.05
2 0.496875 0.30833333333333335 0.0765625 0.11666666666666667
2 0.46875 0.06875 0.0375 0.04583333333333333
2 0.290625 0.7270833333333333 0.1921875 0.325
