0 0.0640625 0.13541666666666666 0.0171875 0.05416666666666667
2 0.253125 0.03125 0.0375 0.03333333333333333
2 0.4453125 0.04583333333333333 0.03125 0.03333333333333333
2 0.459375 0.014583333333333334 0.01875 0.027083333333333334
2 0.4375 0.08333333333333333 0.0421875 0.05416666666666667
2 0.4890625 0.016666666666666666 0.025 0.03125
2 0.434375 0.029166666666666667 0.034375 0.04583333333333333
2 0.375 0.0625 0.034375 0.041666666666666664
2 0.50625 0.0125 0.0203125 0.025
2 0.553125 0.0625 0.0265625 0.0375
2 0.4703125 0.05416666666666667 0.0390625 0.05416666666666667
2 0.4078125 0.07083333333333333 0.0421875 0.05
2 0.4078125 0.19791666666666666 0.1 0.07083333333333333
2 0.1484375 0.24375 0.1453125 0.08541666666666667
2 0.3234375 0.09166666666666666 0.046875 0.05
