5 0.41875 0.09583333333333334 0.05 0.0625
2 0.4328125 0.029166666666666667 0.0265625 0.03333333333333333
2 0.584375 0.03125 0.0234375 0.029166666666666667
2 0.45 0.07291666666666667 0.0375 0.04583333333333333
2 0.2515625 0.03125 0.0390625 0.0375
5 0.5890625 0.26875 0.10625 0.23541666666666666
6 0.8109375 0.29583333333333334 0.3703125 0.31666666666666665
2 0.5625 0.09166666666666666 0.03125 0.04583333333333333
2 0.328125 0.08958333333333333 0.046875 0.05
4 0.109375 0.21458333333333332 0.2203125 0.16666666666666666
2 0.471875 0.025 0.034375 0.041666666666666664
