6 0.36875 0.06875 0.075 0.10625
2 0.471875 0.008333333333333333 0.0203125 0.01875
2 0.29375 0.09166666666666666 0.071875 0.1
2 0.45 0.04375 0.034375 0.041666666666666664
5 0.140625 0.1875 0.1078125 0.10833333333333334
2 0.5 0.014583333333333334 0.025 0.029166666666666667
2 0.584375 0.01875 0.0203125 0.029166666666666667
6 0.215625 0.5 0.28125 0.39375
2 0.534375 0.0125 0.025 0.027083333333333334
2 0.5234375 0.10833333333333334 0.0375 0.05416666666666667
2 0.0625 0.3 0.1265625 0.18333333333333332
