2 0.2515625 0.03125 0.0390625 0.03333333333333333
5 0.425 0.09375 0.0453125 0.058333333333333334
2 0.5625 0.03958333333333333 0.0265625 0.0375
2 0.6125 0.016666666666666666 0.01875 0.027083333333333334
2 0.5390625 0.07708333333333334 0.03125 0.041666666666666664
2 0.54375 0.18958333333333333 0.0578125 0.1
2 0.090625 0.83125 0.18125 0.3375
2 0.6 0.07083333333333333 0.028125 0.041666666666666664
2 0.3859375 0.08541666666666667 0.034375 0.04583333333333333
2 0.521875 0.11666666666666667 0.0375 0.05
2 0.16875 0.20833333333333334 0.115625 0.125
