2 0.4484375 0.075 0.0390625 0.05
2 0.1421875 0.18958333333333333 0.0859375 0.07916666666666666
5 0.5640625 0.03333333333333333 0.0421875 0.06666666666666667
2 0.44375 0.39166666666666666 0.1078125 0.18541666666666667
5 0.421875 0.09791666666666667 0.05 0.0625
2 0.2515625 0.03125 0.0390625 0.03333333333333333
5 0.6046875 0.016666666666666666 0.03125 0.03333333333333333
2 0.603125 0.08333333333333333 0.028125 0.041666666666666664
2 0.4796875 0.05 0.034375 0.041666666666666664
2 0.5046875 0.13541666666666666 0.0421875 0.058333333333333334
2 0.3921875 0.2833333333333333 0.10625 0.14375
