2 0.3921875 0.04791666666666667 0.0265625 0.03125
2 0.509375 0.010416666666666666 0.0265625 0.020833333333333332
2 0.425 0.029166666666666667 0.034375 0.0375
5 0.6140625 0.022916666666666665 0.0265625 0.041666666666666664
5 0.4578125 0.029166666666666667 0.05 0.058333333333333334
2 0.2515625 0.03125 0.0390625 0.03333333333333333
2 0.4921875 0.016666666666666666 0.028125 0.03333333333333333
2 0.846875 0.2625 0.134375 0.075
2 0.3609375 0.06875 0.0390625 0.041666666666666664
2 0.6875 0.20833333333333334 0.1015625 0.075
2 0.5328125 0.24583333333333332 0.1140625 0.07916666666666666
2 0.3140625 0.09583333333333334 0.053125 0.05416666666666667
2 0.378125 0.0875 0.0453125 0.05416666666666667
2 0.234375 0.18541666666666667 0.0859375 0.06875
