6 0.359375 0.0625 0.084375 0.07083333333333333
2 0.4109375 0.06875 0.0453125 0.05
2 0.4453125 0.04583333333333333 0.034375 0.0375
2 0.2515625 0.03125 0.0390625 0.03333333333333333
4 0.103125 0.06875 0.2078125 0.09791666666666667
5 0.309375 0.08333333333333333 0.05 0.07708333333333334
2 0.5625 0.04375 0.0265625 0.03333333333333333
2 0.0921875 0.16875 0.0859375 0.06875
5 0.578125 0.13125 0.115625 0.15208333333333332
2 0.35625 0.10833333333333334 0.053125 0.05
6 0.7375 0.17708333333333334 0.3625 0.25
