2 0.39375 0.04791666666666667 0.0265625 0.03125
0 0.7328125 0.13333333333333333 0.015625 0.05
2 0.425 0.029166666666666667 0.034375 0.0375
5 0.459375 0.029166666666666667 0.046875 0.058333333333333334
2 0.4921875 0.016666666666666666 0.028125 0.03333333333333333
2 0.2515625 0.03125 0.0390625 0.03333333333333333
5 0.9203125 0.22083333333333333 0.153125 0.19791666666666666
2 0.3609375 0.06875 0.0390625 0.041666666666666664
2 0.6390625 0.18958333333333333 0.090625 0.06875
2 0.59375 0.09375 0.03125 0.04583333333333333
5 0.9609375 0.31666666666666665 0.078125 0.2604166666666667
2 0.7609375 0.41458333333333336 0.203125 0.15625
2 0.3140625 0.09583333333333334 0.053125 0.05416666666666667
2 0.378125 0.0875 0.0453125 0.05416666666666667
