2 0.503125 0.010416666666666666 0.01875 0.022916666666666665
2 0.421875 0.09791666666666667 0.046875 0.0625
2 0.4546875 0.04375 0.034375 0.03333333333333333
2 0.071875 0.8229166666666666 0.1453125 0.33125
2 0.45625 0.075 0.0375 0.04583333333333333
2 0.4 0.075 0.0421875 0.04583333333333333
2 0.240625 0.14166666666666666 0.0640625 0.0625
2 0.48125 0.020833333333333332 0.0265625 0.029166666666666667
2 0.5078125 0.03333333333333333 0.0265625 0.03333333333333333
2 0.4875 0.05 0.03125 0.0375
2 0.5296875 0.016666666666666666 0.03125 0.03333333333333333
2 0.3234375 0.1 0.05 0.05
2 0.284375 0.7625 0.2046875 0.33958333333333335
2 0.265625 0.15833333333333333 0.078125 0.09375
