2 0.3921875 0.04791666666666667 0.0265625 0.03125
2 0.425 0.029166666666666667 0.034375 0.0375
5 0.459375 0.029166666666666667 0.046875 0.058333333333333334
2 0.2515625 0.03125 0.0390625 0.03333333333333333
2 0.4921875 0.016666666666666666 0.028125 0.03333333333333333
2 0.5921875 0.125 0.034375 0.05
2 0.3609375 0.06875 0.0390625 0.04583333333333333
5 0.9484375 0.23125 0.1 0.20208333333333334
2 0.6984375 0.22083333333333333 0.109375 0.075
2 0.071875 0.16875 0.090625 0.075
2 0.3140625 0.09583333333333334 0.053125 0.05416666666666667
2 0.378125 0.0875 0.0453125 0.05416666666666667
2 0.921875 0.44375 0.153125 0.15208333333333332
