5 0.453125 0.020833333333333332 0.05 0.041666666666666664
2 0.2515625 0.03125 0.0390625 0.03333333333333333
0 0.828125 0.22916666666666666 0.01875 0.075
0 0.1875 0.1125 0.015625 0.05416666666666667
2 0.584375 0.0125 0.0234375 0.025
2 0.4390625 0.08333333333333333 0.0421875 0.05416666666666667
2 0.575 0.07916666666666666 0.0265625 0.041666666666666664
2 0.471875 0.05625 0.0390625 0.05
2 0.3046875 0.0625 0.0609375 0.058333333333333334
2 0.5640625 0.03958333333333333 0.0265625 0.03333333333333333
2 0.3796875 0.08125 0.0421875 0.05416666666666667
2 0.0953125 0.1875 0.0625 0.06875
2 0.3171875 0.09166666666666666 0.0546875 0.06666666666666667
