5 0.41875 0.09791666666666667 0.05 0.06666666666666667
2 0.0453125 0.2375 0.0921875 0.10625
2 0.590625 0.008333333333333333 0.0171875 0.01875
2 0.4484375 0.075 0.0375 0.05
2 0.2515625 0.03125 0.0390625 0.03333333333333333
2 0.2046875 0.5520833333333334 0.1875 0.2520833333333333
5 0.365625 0.058333333333333334 0.0578125 0.06666666666666667
2 0.4125 0.28125 0.0921875 0.11666666666666667
2 0.565625 0.0375 0.025 0.03333333333333333
2 0.54375 0.075 0.03125 0.041666666666666664
2 0.4640625 0.0375 0.03125 0.03333333333333333
2 0.50625 0.14166666666666666 0.0421875 0.0625
2 0.275 0.15833333333333333 0.071875 0.07083333333333333
