5 0.115625 0.15416666666666667 0.0796875 0.14583333333333334
5 0.4328125 0.04375 0.034375 0.05416666666666667
2 0.5 0.014583333333333334 0.0265625 0.029166666666666667
6 0.4453125 0.03333333333333333 0.053125 0.06666666666666667
2 0.584375 0.016666666666666666 0.01875 0.027083333333333334
2 0.340625 0.3625 0.103125 0.13958333333333334
2 0.3125 0.09375 0.05 0.0625
2 0.528125 0.10625 0.034375 0.04583333333333333
2 0.346875 0.10416666666666667 0.0625 0.07708333333333334
6 0.1640625 0.13333333333333333 0.1578125 0.175
2 0.1125 0.23541666666666666 0.1609375 0.18125
