2 0.4375 0.025 0.0265625 0.0375
2 0.5078125 0.010416666666666666 0.0234375 0.022916666666666665
2 0.378125 0.08125 0.05 0.06875
2 0.4375 0.04583333333333333 0.03125 0.0375
5 0.4859375 0.020833333333333332 0.034375 0.0375
2 0.5453125 0.008333333333333333 0.0203125 0.01875
0 0.203125 0.11666666666666667 0.01875 0.05416666666666667
2 0.2515625 0.03125 0.0390625 0.03333333333333333
5 0.3296875 0.0625 0.0421875 0.08541666666666667
6 0.3515625 0.052083333333333336 0.075 0.1
2 0.4296875 0.09375 0.046875 0.058333333333333334
2 0.4625 0.035416666666666666 0.0265625 0.03333333333333333
2 0.421875 0.19375 0.1015625 0.06875
2 0.18125 0.24166666666666667 0.1234375 0.07708333333333334
