0 0.81875 0.26666666666666666 0.01875 0.075
2 0.6109375 0.05 0.0234375 0.03333333333333333
0 0.7890625 0.2604166666666667 0.0171875 0.06875
2 0.5921875 0.010416666666666666 0.01875 0.022916666666666665
2 0.2109375 0.5604166666666667 0.203125 0.26875
2 0.2515625 0.03125 0.0390625 0.03333333333333333
5 0.4765625 0.022916666666666665 0.034375 0.04583333333333333
2 0.5609375 0.04583333333333333 0.0265625 0.03333333333333333
2 0.5453125 0.20208333333333334 0.053125 0.07708333333333334
2 0.5890625 0.08958333333333333 0.03125 0.041666666666666664
2 0.2953125 0.06875 0.0578125 0.041666666666666664
2 0.396875 0.07708333333333334 0.0390625 0.04583333333333333
2 0.06875 0.2833333333333333 0.1296875 0.13541666666666666
2 0.2828125 0.15416666666666667 0.0625 0.0625
