2 0.2515625 0.03125 0.0390625 0.03333333333333333
0 0.8265625 0.3020833333333333 0.0203125 0.07916666666666666
0 0.80625 0.3 0.0203125 0.07708333333333334
2 0.5890625 0.0125 0.01875 0.025
6 0.240625 0.10208333333333333 0.1296875 0.15
2 0.41875 0.06875 0.034375 0.04583333333333333
2 0.5046875 0.27708333333333335 0.0703125 0.1
2 0.559375 0.06666666666666667 0.028125 0.041666666666666664
2 0.1609375 0.20625 0.1296875 0.15625
2 0.5 0.14375 0.046875 0.06666666666666667
2 0.46875 0.03125 0.0265625 0.03333333333333333
2 0.56875 0.15625 0.0421875 0.0625
2 0.35 0.11041666666666666 0.046875 0.05416666666666667
