2 0.5109375 0.010416666666666666 0.025 0.020833333333333332
6 0.5640625 0.06875 0.071875 0.125
2 0.4265625 0.029166666666666667 0.03125 0.0375
6 0.653125 0.15416666666666667 0.2078125 0.2520833333333333
5 0.459375 0.029166666666666667 0.046875 0.058333333333333334
2 0.2515625 0.03125 0.0390625 0.0375
2 0.4921875 0.016666666666666666 0.028125 0.03333333333333333
2 0.9703125 0.3729166666666667 0.0546875 0.14166666666666666
6 0.49375 0.25 0.478125 0.25416666666666665
2 0.3609375 0.06875 0.0390625 0.041666666666666664
5 0.225 0.24375 0.0984375 0.22916666666666666
2 0.378125 0.0875 0.0453125 0.05416666666666667
2 0.3140625 0.09375 0.053125 0.05
