2 0.253125 0.03125 0.0375 0.03333333333333333
2 0.4375 0.029166666666666667 0.034375 0.04583333333333333
2 0.4578125 0.014583333333333334 0.01875 0.027083333333333334
2 0.4375 0.08333333333333333 0.0421875 0.05416666666666667
2 0.4890625 0.016666666666666666 0.025 0.03125
2 0.4046875 0.07083333333333333 0.0390625 0.05416666666666667
2 0.50625 0.0125 0.0203125 0.025
2 0.5765625 0.03333333333333333 0.025 0.03333333333333333
2 0.3609375 0.06875 0.0390625 0.041666666666666664
2 0.4703125 0.05416666666666667 0.0390625 0.05416666666666667
2 0.59375 0.08333333333333333 0.03125 0.04583333333333333
2 0.29375 0.10833333333333334 0.053125 0.05416666666666667
