2 0.3953125 0.04791666666666667 0.028125 0.03125
5 0.459375 0.029166666666666667 0.046875 0.058333333333333334
2 0.425 0.029166666666666667 0.034375 0.0375
2 0.903125 0.3541666666666667 0.1890625 0.175
2 0.4921875 0.016666666666666666 0.028125 0.03333333333333333
2 0.2515625 0.03125 0.0390625 0.0375
5 0.09375 0.2625 0.109375 0.2375
6 0.6140625 0.11875 0.1421875 0.20416666666666666
2 0.3625 0.06875 0.0375 0.04583333333333333
2 0.378125 0.0875 0.0453125 0.05416666666666667
6 0.3625 0.24583333333333332 0.4875 0.25625
2 0.3140625 0.09583333333333334 0.053125 0.05416666666666667
