2 0.421875 0.03333333333333333 0.03125 0.04583333333333333
2 0.5734375 0.041666666666666664 0.025 0.041666666666666664
2 0.4390625 0.04583333333333333 0.034375 0.03333333333333333
2 0.359375 0.07291666666666667 0.0390625 0.0375
2 0.5328125 0.08125 0.0421875 0.07708333333333334
2 0.465625 0.0625 0.0390625 0.04583333333333333
5 0.4953125 0.01875 0.05 0.0375
2 0.43125 0.0875 0.0421875 0.05416666666666667
2 0.1328125 0.25416666666666665 0.1234375 0.11666666666666667
2 0.3625 0.10208333333333333 0.05 0.05
6 0.121875 0.15625 0.184375 0.21875
2 0.2890625 0.10833333333333334 0.0625 0.06666666666666667
