5 0.59375 0.016666666666666666 0.034375 0.03333333333333333
2 0.4578125 0.041666666666666664 0.028125 0.03333333333333333
2 0.4125 0.06875 0.0453125 0.05
2 0.153125 0.9145833333333333 0.2671875 0.16041666666666668
2 0.453125 0.075 0.0390625 0.04583333333333333
2 0.4859375 0.05 0.03125 0.041666666666666664
2 0.5078125 0.03333333333333333 0.0265625 0.03333333333333333
2 0.484375 0.020833333333333332 0.025 0.029166666666666667
2 0.4234375 0.09791666666666667 0.046875 0.0625
2 0.2609375 0.13125 0.053125 0.058333333333333334
2 0.5296875 0.016666666666666666 0.034375 0.03333333333333333
2 0.3375 0.09166666666666666 0.046875 0.05
2 0.2953125 0.13958333333333334 0.0703125 0.07708333333333334
