5 0.415625 0.10208333333333333 0.046875 0.0625
2 0.3703125 0.06041666666666667 0.0390625 0.041666666666666664
5 0.684375 0.17291666666666666 0.0875 0.17083333333333334
2 0.4390625 0.041666666666666664 0.034375 0.041666666666666664
2 0.3765625 0.0875 0.05 0.06666666666666667
2 0.459375 0.016666666666666666 0.0265625 0.027083333333333334
2 0.453125 0.075 0.034375 0.04583333333333333
2 0.59375 0.11458333333333333 0.034375 0.05
6 0.8421875 0.21041666666666667 0.3015625 0.25833333333333336
2 0.04375 0.15 0.0875 0.08333333333333333
2 0.3265625 0.09166666666666666 0.05 0.05
