2 0.834375 0.9166666666666666 0.3171875 0.16666666666666666
2 0.55625 0.05625 0.0265625 0.03333333333333333
2 0.1921875 0.8875 0.2671875 0.21875
5 0.621875 0.014583333333333334 0.0265625 0.03125
2 0.2515625 0.03125 0.0390625 0.03333333333333333
2 0.45625 0.07708333333333334 0.0375 0.04583333333333333
2 0.590625 0.035416666666666666 0.0203125 0.03125
2 0.1203125 0.09583333333333334 0.078125 0.041666666666666664
2 0.5109375 0.1375 0.0453125 0.0625
2 0.559375 0.08541666666666667 0.028125 0.041666666666666664
2 0.49375 0.04583333333333333 0.03125 0.0375
2 0.0625 0.23125 0.1265625 0.1375
