5 0.43125 0.025 0.0390625 0.05
2 0.4484375 0.075 0.0375 0.05
5 0.4203125 0.09791666666666667 0.046875 0.0625
2 0.353125 0.07083333333333333 0.034375 0.041666666666666664
2 0.2515625 0.03125 0.0390625 0.0375
6 0.1328125 0.20416666666666666 0.1875 0.22708333333333333
2 0.2984375 0.43125 0.1375 0.17708333333333334
2 0.4328125 0.22916666666666666 0.0640625 0.07916666666666666
2 0.24375 0.13541666666666666 0.0625 0.0625
2 0.5140625 0.12708333333333333 0.0390625 0.05416666666666667
2 0.3359375 0.10833333333333334 0.0625 0.07708333333333334
