2 0.4703125 0.022916666666666665 0.034375 0.04583333333333333
2 0.5078125 0.125 0.034375 0.05416666666666667
5 0.0921875 0.16666666666666666 0.1078125 0.15625
0 0.89375 0.19791666666666666 0.025 0.07083333333333333
2 0.5171875 0.022916666666666665 0.03125 0.04583333333333333
2 0.4390625 0.09166666666666666 0.0390625 0.05
2 0.5546875 0.0625 0.028125 0.041666666666666664
2 0.584375 0.0125 0.01875 0.025
2 0.4890625 0.04583333333333333 0.03125 0.0375
2 0.46875 0.06875 0.0375 0.04583333333333333
6 0.1796875 0.11875 0.153125 0.19791666666666666
2 0.4140625 0.4875 0.121875 0.20416666666666666
5 0.5265625 0.18541666666666667 0.0921875 0.20625
2 0.19375 0.20625 0.0921875 0.1
