0 0.8578125 0.44375 0.0265625 0.09791666666666667
5 0.478125 0.022916666666666665 0.03125 0.04583333333333333
2 0.43125 0.058333333333333334 0.03125 0.0375
0 0.8921875 0.45208333333333334 0.0265625 0.10208333333333333
2 0.5171875 0.10833333333333334 0.0421875 0.07083333333333333
2 0.5 0.0125 0.025 0.027083333333333334
5 0.303125 0.06666666666666667 0.0546875 0.11041666666666666
2 0.2515625 0.03125 0.0390625 0.03333333333333333
2 0.378125 0.09166666666666666 0.05 0.05416666666666667
2 0.2828125 0.45416666666666666 0.134375 0.175
2 0.178125 0.22083333333333333 0.103125 0.09375
