5 0.3484375 0.05416666666666667 0.1328125 0.11041666666666666
2 0.521875 0.00625 0.025 0.014583333333333334
0 0.771875 0.21041666666666667 0.0125 0.05416666666666667
0 0.7890625 0.2125 0.015625 0.0625
2 0.2515625 0.03125 0.0390625 0.03333333333333333
2 0.6234375 0.014583333333333334 0.01875 0.03125
2 0.3734375 0.3229166666666667 0.1015625 0.13333333333333333
2 0.3 0.12083333333333333 0.0828125 0.11041666666666666
2 0.478125 0.027083333333333334 0.028125 0.03333333333333333
2 0.5328125 0.1 0.0390625 0.05
2 0.4890625 0.15833333333333333 0.046875 0.06666666666666667
