2 0.425 0.06041666666666667 0.034375 0.04583333333333333
0 0.4640625 0.11666666666666667 0.0171875 0.05
2 0.425 0.029166666666666667 0.034375 0.0375
5 0.459375 0.029166666666666667 0.046875 0.058333333333333334
2 0.5109375 0.010416666666666666 0.025 0.020833333333333332
2 0.2515625 0.03125 0.0390625 0.03333333333333333
4 0.053125 0.12083333333333333 0.10625 0.14166666666666666
2 0.4921875 0.016666666666666666 0.03125 0.03333333333333333
2 0.3609375 0.06875 0.0390625 0.04583333333333333
5 0.5921875 0.08125 0.0390625 0.08541666666666667
2 0.70625 0.21666666666666667 0.10625 0.075
2 0.9109375 0.275 0.1421875 0.07708333333333334
2 0.3140625 0.09583333333333334 0.053125 0.05416666666666667
2 0.378125 0.0875 0.0453125 0.05416666666666667
2 0.49375 0.23333333333333334 0.121875 0.08541666666666667
