2 0.790625 0.9125 0.3015625 0.17083333333333334
1 0.2046875 0.11041666666666666 0.03125 0.05416666666666667
6 0.4328125 0.025 0.046875 0.05
5 0.421875 0.027083333333333334 0.03125 0.05416666666666667
2 0.4078125 0.07083333333333333 0.0390625 0.04583333333333333
2 0.478125 0.029166666666666667 0.028125 0.03333333333333333
5 0.6203125 0.01875 0.03125 0.0375
2 0.2515625 0.03125 0.0390625 0.0375
2 0.4234375 0.09791666666666667 0.0390625 0.05
2 0.40625 0.2708333333333333 0.0828125 0.10625
2 0.4875 0.15416666666666667 0.046875 0.058333333333333334
2 0.4578125 0.075 0.0375 0.04583333333333333
2 0.0796875 0.27708333333333335 0.1171875 0.11458333333333333
2 0.1296875 0.6645833333333333 0.2203125 0.2875
5 0.0359375 0.19791666666666666 0.071875 0.17083333333333334
2 0.3453125 0.11666666666666667 0.05 0.05416666666666667
2 0.2984375 0.10625 0.053125 0.05416666666666667
6 0.096875 0.15833333333333333 0.1953125 0.20833333333333334
