0 0.834375 0.2125 0.0203125 0.06875
2 0.4390625 0.08541666666666667 0.0421875 0.05416666666666667
5 0.43125 0.029166666666666667 0.0546875 0.058333333333333334
2 0.2359375 0.07291666666666667 0.06875 0.05416666666666667
2 0.2515625 0.03125 0.0390625 0.03333333333333333
2 0.4734375 0.05625 0.0375 0.05
2 0.5796875 0.01875 0.0234375 0.029166666666666667
2 0.5796875 0.05 0.0234375 0.03333333333333333
2 0.3796875 0.08125 0.0421875 0.05416666666666667
2 0.0265625 0.15 0.053125 0.0625
2 0.3171875 0.09166666666666666 0.0546875 0.0625
