0 0.0953125 0.08541666666666667 0.015625 0.04583333333333333
2 0.0375 0.8666666666666667 0.0765625 0.25833333333333336
0 0.834375 0.22916666666666666 0.0203125 0.07083333333333333
2 0.4328125 0.05416666666666667 0.0375 0.04583333333333333
2 0.490625 0.04791666666666667 0.028125 0.0375
2 0.2515625 0.03125 0.0390625 0.03333333333333333
2 0.5984375 0.027083333333333334 0.01875 0.029166666666666667
5 0.3609375 0.04375 0.05 0.08541666666666667
2 0.3765625 0.3145833333333333 0.0953125 0.13333333333333333
2 0.46875 0.06875 0.034375 0.04583333333333333
2 0.5859375 0.09375 0.0375 0.0625
2 0.5234375 0.09791666666666667 0.0375 0.05416666666666667
2 0.4390625 0.09166666666666666 0.0390625 0.05
2 0.3234375 0.12083333333333333 0.0578125 0.06875
2 0.203125 0.16458333333333333 0.078125 0.075
