0 0.18125 0.11875 0.0171875 0.05
2 0.8375 0.8958333333333334 0.3171875 0.20208333333333334
2 0.3234375 0.3958333333333333 0.121875 0.16041666666666668
2 0.3875 0.08333333333333333 0.0453125 0.05
2 0.5796875 0.016666666666666666 0.01875 0.027083333333333334
2 0.48125 0.16875 0.053125 0.06875
2 0.54375 0.07916666666666666 0.028125 0.041666666666666664
2 0.43125 0.0875 0.0421875 0.05416666666666667
2 0.465625 0.0625 0.0390625 0.04583333333333333
2 0.4890625 0.01875 0.0265625 0.029166666666666667
4 0.325 0.04791666666666667 0.1296875 0.09791666666666667
