0 0.58125 0.14583333333333334 0.0125 0.058333333333333334
4 0.675 0.5958333333333333 0.6203125 0.5541666666666667
0 0.45 0.11875 0.015625 0.058333333333333334
2 0.2515625 0.03125 0.0390625 0.03333333333333333
0 0.4765625 0.13125 0.015625 0.05416666666666667
2 0.36875 0.06458333333333334 0.0390625 0.0375
2 0.5234375 0.19791666666666666 0.09375 0.075
6 0.8125 0.20416666666666666 0.24375 0.2
2 0.6328125 0.27291666666666664 0.1375 0.08333333333333333
2 0.3140625 0.08958333333333333 0.0609375 0.06875
2 0.3640625 0.1 0.046875 0.05416666666666667
2 0.0359375 0.15833333333333333 0.071875 0.0625
