2 0.5015625 0.010416666666666666 0.0234375 0.022916666666666665
2 0.396875 0.06041666666666667 0.0609375 0.07708333333333334
2 0.4796875 0.010416666666666666 0.0234375 0.022916666666666665
2 0.546875 0.008333333333333333 0.0234375 0.016666666666666666
2 0.2515625 0.03125 0.0390625 0.03333333333333333
2 0.44375 0.020833333333333332 0.0265625 0.03125
2 0.4921875 0.04375 0.034375 0.04583333333333333
2 0.571875 0.0375 0.0265625 0.03333333333333333
2 0.184375 0.16666666666666666 0.0765625 0.075
2 0.4625 0.07083333333333333 0.0375 0.04583333333333333
2 0.275 0.11458333333333333 0.0578125 0.06875
2 0.459375 0.0375 0.034375 0.041666666666666664
2 0.5109375 0.13958333333333334 0.046875 0.0625
2 0.3328125 0.36875 0.125 0.175
2 0.4296875 0.09375 0.046875 0.058333333333333334
2 0.278125 0.16041666666666668 0.0625 0.06666666666666667
