5 0.415625 0.10208333333333333 0.05 0.06666666666666667
2 0.3703125 0.06041666666666667 0.0390625 0.041666666666666664
2 0.4546875 0.07708333333333334 0.0375 0.04583333333333333
2 0.3765625 0.0875 0.05 0.06666666666666667
5 0.734375 0.18333333333333332 0.0984375 0.18125
2 0.4390625 0.041666666666666664 0.034375 0.041666666666666664
2 0.459375 0.016666666666666666 0.0265625 0.027083333333333334
2 0.0921875 0.1625 0.1078125 0.07708333333333334
2 0.59375 0.125 0.0390625 0.058333333333333334
6 0.875 0.2125 0.24375 0.24583333333333332
2 0.325 0.09166666666666666 0.05 0.05
