0 0.7453125 0.12916666666666668 0.0171875 0.05
2 0.3921875 0.04791666666666667 0.0265625 0.03125
2 0.4265625 0.029166666666666667 0.03125 0.0375
5 0.459375 0.029166666666666667 0.046875 0.058333333333333334
2 0.4921875 0.016666666666666666 0.028125 0.03333333333333333
2 0.2515625 0.03125 0.0390625 0.03333333333333333
5 0.8578125 0.21458333333333332 0.1234375 0.1875
2 0.6 0.07708333333333334 0.0265625 0.041666666666666664
2 0.3609375 0.06875 0.0390625 0.041666666666666664
2 0.60625 0.17083333333333334 0.071875 0.06666666666666667
2 0.3140625 0.09583333333333334 0.053125 0.05416666666666667
2 0.6234375 0.40625 0.1890625 0.14166666666666666
2 0.378125 0.08958333333333333 0.0453125 0.05
5 0.93125 0.3104166666666667 0.1296875 0.2604166666666667
