5 0.425 0.025 0.0390625 0.04583333333333333
2 0.0578125 0.8708333333333333 0.115625 0.25416666666666665
2 0.45 0.075 0.034375 0.05
2 0.3109375 0.12291666666666666 0.071875 0.08541666666666667
2 0.2515625 0.03125 0.0390625 0.0375
2 0.334375 0.08125 0.0390625 0.041666666666666664
6 0.0890625 0.24375 0.1796875 0.25
2 0.3625 0.33958333333333335 0.10625 0.1375
2 0.4609375 0.18958333333333333 0.0546875 0.07083333333333333
2 0.53125 0.10625 0.0375 0.04583333333333333
2 0.2046875 0.15416666666666667 0.078125 0.06875
