2 0.51875 0.00625 0.025 0.014583333333333334
2 0.425 0.0625 0.034375 0.04583333333333333
2 0.4234375 0.09791666666666667 0.0390625 0.05
2 0.475 0.025 0.0265625 0.0375
1 0.2046875 0.1125 0.03125 0.05
2 0.2515625 0.03125 0.0390625 0.03333333333333333
2 0.45625 0.07708333333333334 0.0375 0.04583333333333333
2 0.4515625 0.01875 0.028125 0.0375
5 0.384375 0.0375 0.034375 0.07708333333333334
2 0.5484375 0.0625 0.0265625 0.0375
2 0.2484375 0.5 0.15 0.20208333333333334
2 0.1015625 0.26875 0.121875 0.11458333333333333
2 0.5171875 0.11458333333333333 0.0390625 0.05
5 0.621875 0.016666666666666666 0.028125 0.03333333333333333
2 0.440625 0.22291666666666668 0.0625 0.08541666666666667
2 0.28125 0.15625 0.0671875 0.06666666666666667
2 0.171875 0.17083333333333334 0.0828125 0.07708333333333334
