0 0.8 0.175 0.01875 0.058333333333333334
2 0.509375 0.0125 0.01875 0.020833333333333332
5 0.6171875 0.020833333333333332 0.03125 0.041666666666666664
2 0.4375 0.025 0.0265625 0.0375
2 0.378125 0.08125 0.053125 0.06875
5 0.4859375 0.020833333333333332 0.034375 0.0375
2 0.434375 0.04583333333333333 0.03125 0.0375
6 0.3484375 0.04791666666666667 0.0765625 0.09791666666666667
2 0.2515625 0.03125 0.0390625 0.03333333333333333
5 0.3296875 0.06041666666666667 0.0421875 0.08541666666666667
2 0.4296875 0.09375 0.046875 0.058333333333333334
2 0.534375 0.09791666666666667 0.03125 0.05
2 0.6484375 0.19791666666666666 0.0921875 0.075
2 0.4625 0.03333333333333333 0.0265625 0.03333333333333333
2 0.896875 0.2604166666666667 0.1578125 0.09791666666666667
2 0.903125 0.3770833333333333 0.1796875 0.10833333333333334
