2 0.4375 0.025 0.0265625 0.0375
2 0.378125 0.08125 0.05 0.06875
2 0.434375 0.04583333333333333 0.03125 0.0375
2 0.50625 0.0125 0.0203125 0.020833333333333332
0 0.203125 0.11666666666666667 0.01875 0.05416666666666667
2 0.54375 0.008333333333333333 0.0234375 0.01875
2 0.2515625 0.03125 0.0390625 0.03333333333333333
6 0.35 0.05 0.071875 0.1
2 0.4296875 0.09375 0.046875 0.058333333333333334
5 0.3296875 0.0625 0.0421875 0.0875
2 0.4390625 0.18541666666666667 0.0953125 0.06875
2 0.4625 0.03333333333333333 0.0265625 0.03333333333333333
2 0.2109375 0.2375 0.121875 0.07708333333333334
