2 0.5078125 0.0125 0.01875 0.020833333333333332
2 0.4375 0.025 0.0265625 0.0375
2 0.378125 0.08125 0.053125 0.06875
5 0.484375 0.01875 0.0375 0.0375
2 0.434375 0.04791666666666667 0.03125 0.0375
2 0.2515625 0.03125 0.0390625 0.03333333333333333
6 0.3484375 0.052083333333333336 0.075 0.1
0 0.203125 0.11666666666666667 0.01875 0.05416666666666667
2 0.4296875 0.09375 0.046875 0.058333333333333334
5 0.33125 0.0625 0.0453125 0.0875
2 0.4625 0.035416666666666666 0.0265625 0.03333333333333333
2 0.4796875 0.16666666666666666 0.0703125 0.07083333333333333
2 0.53125 0.014583333333333334 0.0265625 0.03125
2 0.55625 0.11666666666666667 0.0421875 0.05416666666666667
