5 0.4203125 0.09791666666666667 0.046875 0.06666666666666667
2 0.5140625 0.008333333333333333 0.0234375 0.01875
5 0.3546875 0.06666666666666667 0.0703125 0.075
2 0.4484375 0.075 0.0375 0.04583333333333333
2 0.4484375 0.04583333333333333 0.03125 0.03333333333333333
2 0.2515625 0.03125 0.0390625 0.03333333333333333
2 0.4484375 0.22916666666666666 0.0703125 0.09166666666666666
2 0.571875 0.029166666666666667 0.0203125 0.029166666666666667
2 0.5546875 0.058333333333333334 0.028125 0.0375
2 0.2359375 0.18333333333333332 0.084375 0.07916666666666666
2 0.525 0.11875 0.0390625 0.05
