2 0.625 0.0125 0.01875 0.025
2 0.2515625 0.03125 0.0390625 0.03333333333333333
2 0.1015625 0.17291666666666666 0.09375 0.07083333333333333
5 0.309375 0.08333333333333333 0.046875 0.07708333333333334
2 0.4671875 0.03333333333333333 0.028125 0.03333333333333333
2 0.9140625 0.32083333333333336 0.16875 0.09166666666666666
2 0.575 0.12916666666666668 0.05 0.058333333333333334
2 0.55 0.25 0.1265625 0.08541666666666667
2 0.7390625 0.23333333333333334 0.1171875 0.075
2 0.35625 0.10833333333333334 0.053125 0.05416666666666667
