6 0.565625 0.07083333333333333 0.06875 0.125
2 0.39375 0.04791666666666667 0.0265625 0.03125
2 0.5109375 0.010416666666666666 0.025 0.020833333333333332
2 0.425 0.029166666666666667 0.034375 0.0375
0 0.953125 0.19583333333333333 0.025 0.07916666666666666
6 0.64375 0.14791666666666667 0.196875 0.23958333333333334
2 0.4921875 0.016666666666666666 0.028125 0.03333333333333333
2 0.2515625 0.03125 0.0390625 0.0375
2 0.9609375 0.36875 0.078125 0.15416666666666667
5 0.20625 0.24375 0.0953125 0.23333333333333334
2 0.3625 0.06875 0.0390625 0.04583333333333333
2 0.378125 0.0875 0.0453125 0.05416666666666667
6 0.471875 0.25 0.4796875 0.25416666666666665
2 0.3140625 0.09375 0.053125 0.05416666666666667
