2 0.46875 0.010416666666666666 0.0234375 0.022916666666666665
6 0.3515625 0.08125 0.0859375 0.11666666666666667
2 0.590625 0.0125 0.01875 0.025
2 0.01875 0.3333333333333333 0.0390625 0.15625
2 0.5296875 0.01875 0.03125 0.03333333333333333
2 0.090625 0.21458333333333332 0.1234375 0.11666666666666667
2 0.534375 0.0875 0.034375 0.05
6 0.334375 0.33958333333333335 0.1734375 0.27291666666666664
2 0.490625 0.01875 0.0265625 0.03333333333333333
2 0.271875 0.09791666666666667 0.078125 0.10625
2 0.440625 0.05 0.034375 0.041666666666666664
