6 0.33125 0.5895833333333333 0.26875 0.5416666666666666
0 0.834375 0.30833333333333335 0.0265625 0.08333333333333333
2 0.253125 0.03125 0.0375 0.03333333333333333
5 0.5078125 0.010416666666666666 0.03125 0.022916666666666665
2 0.4375 0.08541666666666667 0.0453125 0.05416666666666667
2 0.4234375 0.0625 0.034375 0.04583333333333333
2 0.571875 0.03333333333333333 0.0234375 0.03333333333333333
2 0.60625 0.0625 0.0265625 0.0375
2 0.4640625 0.18333333333333332 0.0546875 0.075
2 0.05625 0.30833333333333335 0.1140625 0.13958333333333334
2 0.5328125 0.21458333333333332 0.0578125 0.09375
2 0.4734375 0.05416666666666667 0.0375 0.05416666666666667
2 0.5328125 0.09791666666666667 0.0390625 0.058333333333333334
