2 0.4234375 0.09791666666666667 0.046875 0.0625
5 0.21875 0.10833333333333334 0.078125 0.13958333333333334
2 0.4296875 0.05625 0.034375 0.0375
2 0.4484375 0.20833333333333334 0.0609375 0.08333333333333333
2 0.584375 0.1 0.03125 0.04583333333333333
2 0.4921875 0.3104166666666667 0.0796875 0.11875
2 0.45625 0.075 0.0375 0.04583333333333333
2 0.478125 0.029166666666666667 0.028125 0.03333333333333333
2 0.5 0.1375 0.0421875 0.058333333333333334
2 0.1421875 0.24791666666666667 0.1078125 0.11666666666666667
2 0.5078125 0.03333333333333333 0.0265625 0.0375
2 0.53125 0.016666666666666666 0.03125 0.03333333333333333
2 0.4875 0.05 0.03125 0.0375
2 0.3421875 0.11875 0.0546875 0.05416666666666667
2 0.2765625 0.45 0.140625 0.1875
6 0.275 0.08541666666666667 0.1734375 0.17083333333333334
