5 0.45625 0.07708333333333334 0.0375 0.04583333333333333
2 0.5890625 0.008333333333333333 0.01875 0.016666666666666666
2 0.10625 0.76875 0.2125 0.39166666666666666
2 0.2515625 0.03125 0.0421875 0.03333333333333333
2 0.446875 0.04583333333333333 0.034375 0.0375
2 0.3546875 0.09375 0.0390625 0.058333333333333334
5 0.4234375 0.09791666666666667 0.0390625 0.05416666666666667
2 0.2046875 0.8208333333333333 0.284375 0.35
5 0.2015625 0.125 0.0625 0.125
2 0.4609375 0.010416666666666666 0.0265625 0.022916666666666665
2 0.434375 0.027083333333333334 0.0375 0.04583333333333333
2 0.36875 0.0625 0.0421875 0.04583333333333333
2 0.53125 0.014583333333333334 0.0265625 0.03125
2 0.56875 0.03333333333333333 0.025 0.03333333333333333
6 0.2375 0.10416666666666667 0.11875 0.14375
5 0.621875 0.014583333333333334 0.0265625 0.03125
2 0.53125 0.21458333333333332 0.05 0.07083333333333333
2 0.5390625 0.08125 0.03125 0.04583333333333333
2 0.3171875 0.125 0.0625 0.07083333333333333
