2 0.378125 0.06666666666666667 0.0390625 0.041666666666666664
2 0.4625 0.035416666666666666 0.03125 0.03333333333333333
2 0.453125 0.075 0.0390625 0.04583333333333333
2 0.5296875 0.016666666666666666 0.028125 0.03333333333333333
2 0.43125 0.05416666666666667 0.034375 0.0375
2 0.509375 0.03333333333333333 0.0265625 0.0375
2 0.4828125 0.016666666666666666 0.0265625 0.03125
2 0.4875 0.05 0.03125 0.0375
2 0.38125 0.08541666666666667 0.0421875 0.058333333333333334
2 0.5296875 0.24791666666666667 0.140625 0.07916666666666666
2 0.4234375 0.09791666666666667 0.046875 0.058333333333333334
2 0.3359375 0.0875 0.0421875 0.05
