5 0.31875 0.075 0.0578125 0.0875
0 0.771875 0.15833333333333333 0.015625 0.05416666666666667
0 0.6671875 0.14166666666666666 0.0171875 0.05416666666666667
2 0.4265625 0.09791666666666667 0.0421875 0.05416666666666667
2 0.515625 0.008333333333333333 0.025 0.016666666666666666
2 0.49375 0.014583333333333334 0.0265625 0.03125
2 0.2515625 0.03125 0.0390625 0.03333333333333333
2 0.4640625 0.035416666666666666 0.028125 0.03333333333333333
2 0.7078125 0.23125 0.1078125 0.075
2 0.5609375 0.05625 0.0265625 0.0375
2 0.5859375 0.14583333333333334 0.05 0.0625
2 0.3765625 0.09166666666666666 0.0453125 0.05
