2 0.50625 0.010416666666666666 0.0171875 0.01875
2 0.4640625 0.014583333333333334 0.01875 0.025
2 0.5484375 0.008333333333333333 0.0203125 0.016666666666666666
0 0.1796875 0.10625 0.0125 0.04583333333333333
2 0.4375 0.022916666666666665 0.028125 0.03333333333333333
0 0.203125 0.11666666666666667 0.01875 0.05
2 0.378125 0.08125 0.053125 0.06875
6 0.35 0.05 0.071875 0.1
2 0.2515625 0.03125 0.0390625 0.03333333333333333
2 0.434375 0.04791666666666667 0.03125 0.0375
5 0.3296875 0.0625 0.0421875 0.0875
2 0.5890625 0.0625 0.03125 0.0375
2 0.5171875 0.027083333333333334 0.0265625 0.03333333333333333
2 0.4296875 0.09375 0.046875 0.058333333333333334
2 0.4640625 0.035416666666666666 0.028125 0.03333333333333333
2 0.546875 0.09583333333333334 0.034375 0.05
