2 0.425 0.09375 0.0453125 0.058333333333333334
2 0.2515625 0.03125 0.0390625 0.03333333333333333
2 0.440625 0.21875 0.0578125 0.07708333333333334
2 0.4703125 0.03125 0.034375 0.04583333333333333
2 0.2390625 0.49166666666666664 0.1734375 0.22708333333333333
2 0.2578125 0.17916666666666667 0.078125 0.07083333333333333
2 0.2734375 0.07291666666666667 0.0546875 0.041666666666666664
2 0.34375 0.11666666666666667 0.0546875 0.058333333333333334
2 0.1859375 0.16666666666666666 0.0859375 0.08333333333333333
2 0.3625 0.07083333333333333 0.0453125 0.041666666666666664
