2 0.5765625 0.016666666666666666 0.0203125 0.027083333333333334
2 0.4265625 0.058333333333333334 0.0390625 0.04583333333333333
2 0.2515625 0.03125 0.0390625 0.03333333333333333
2 0.3828125 0.3104166666666667 0.0921875 0.11458333333333333
2 0.45 0.075 0.034375 0.05
2 0.50625 0.0125 0.025 0.027083333333333334
2 0.4203125 0.09791666666666667 0.046875 0.0625
2 0.5609375 0.04583333333333333 0.0265625 0.03333333333333333
2 0.5390625 0.09791666666666667 0.034375 0.05
2 0.478125 0.18125 0.0609375 0.07708333333333334
2 0.184375 0.21458333333333332 0.1015625 0.09375
5 0.3359375 0.07291666666666667 0.0671875 0.07708333333333334
