2 0.425 0.029166666666666667 0.034375 0.0375
5 0.459375 0.029166666666666667 0.046875 0.058333333333333334
2 0.2515625 0.03125 0.0390625 0.0375
2 0.4921875 0.016666666666666666 0.028125 0.03333333333333333
2 0.6625 0.19375 0.09375 0.06875
2 0.81875 0.25833333333333336 0.1296875 0.075
2 0.3625 0.06875 0.0390625 0.04583333333333333
2 0.609375 0.25833333333333336 0.125 0.09375
2 0.0421875 0.15625 0.075 0.0625
2 0.3140625 0.09583333333333334 0.053125 0.05416666666666667
2 0.378125 0.0875 0.0453125 0.05416666666666667
