0 0.828125 0.24166666666666667 0.01875 0.07083333333333333
2 0.59375 0.00625 0.01875 0.014583333333333334
0 0.184375 0.11041666666666666 0.0171875 0.05
2 0.253125 0.03125 0.0375 0.03333333333333333
2 0.55 0.06666666666666667 0.03125 0.041666666666666664
5 0.4765625 0.014583333333333334 0.05 0.029166666666666667
2 0.4375 0.08333333333333333 0.0453125 0.05416666666666667
2 0.1265625 0.2604166666666667 0.0609375 0.08541666666666667
2 0.5734375 0.027083333333333334 0.025 0.03125
2 0.4734375 0.05625 0.0375 0.05
2 0.5625 0.12291666666666666 0.0375 0.05416666666666667
2 0.38125 0.08125 0.0390625 0.05416666666666667
2 0.3671875 0.04375 0.046875 0.05
2 0.3234375 0.0875 0.053125 0.0625
