5 0.1625 0.13541666666666666 0.0703125 0.13958333333333334
2 0.50625 0.010416666666666666 0.025 0.022916666666666665
2 0.553125 0.05416666666666667 0.0265625 0.0375
2 0.3734375 0.3229166666666667 0.0875 0.11666666666666667
2 0.0390625 0.3229166666666667 0.078125 0.15625
2 0.5 0.15 0.046875 0.0625
2 0.4328125 0.08541666666666667 0.0421875 0.05416666666666667
2 0.2953125 0.14375 0.0671875 0.06875
6 0.2140625 0.11666666666666667 0.1609375 0.16666666666666666
2 0.365625 0.06875 0.0390625 0.04583333333333333
