0 0.1796875 0.1 0.015625 0.04583333333333333
0 0.64375 0.13958333333333334 0.01875 0.058333333333333334
0 0.7265625 0.12916666666666668 0.01875 0.05
0 0.8328125 0.18333333333333332 0.0234375 0.0625
2 0.38125 0.09166666666666666 0.0390625 0.04583333333333333
2 0.2515625 0.027083333333333334 0.0390625 0.03125
6 0.34375 0.05625 0.1 0.11458333333333333
2 0.5 0.0125 0.025 0.027083333333333334
2 0.4796875 0.2375 0.121875 0.07708333333333334
2 0.5375 0.08541666666666667 0.034375 0.04583333333333333
2 0.06875 0.16041666666666668 0.084375 0.058333333333333334
