0 0.7328125 0.13541666666666666 0.015625 0.05416666666666667
5 0.3875 0.06666666666666667 0.071875 0.10208333333333333
2 0.446875 0.07708333333333334 0.0421875 0.05416666666666667
2 0.2515625 0.03125 0.0390625 0.03333333333333333
2 0.9546875 0.46041666666666664 0.0875 0.11458333333333333
2 0.4875 0.23958333333333334 0.125 0.07708333333333334
2 0.5703125 0.10833333333333334 0.03125 0.04583333333333333
2 0.4390625 0.029166666666666667 0.03125 0.03333333333333333
2 0.8890625 0.30625 0.153125 0.10833333333333334
4 0.06875 0.13333333333333333 0.1375 0.13958333333333334
