2 0.4171875 0.03958333333333333 0.0265625 0.03125
2 0.465625 0.03333333333333333 0.034375 0.03333333333333333
0 0.690625 0.14166666666666666 0.0125 0.05
2 0.446875 0.04583333333333333 0.0375 0.05
2 0.2515625 0.03125 0.0390625 0.03333333333333333
5 0.4296875 0.0875 0.0640625 0.08541666666666667
2 0.36875 0.06458333333333334 0.0421875 0.04583333333333333
2 0.3296875 0.09166666666666666 0.0421875 0.04583333333333333
4 0.0859375 0.21041666666666667 0.1734375 0.17708333333333334
2 0.4890625 0.016666666666666666 0.034375 0.03333333333333333
2 0.5328125 0.10833333333333334 0.0390625 0.05416666666666667
2 0.378125 0.09375 0.0390625 0.05
