0 0.6390625 0.1375 0.0171875 0.05416666666666667
0 0.5359375 0.1375 0.0125 0.05416666666666667
0 0.6046875 0.14375 0.015625 0.05416666666666667
0 0.58125 0.12916666666666668 0.01875 0.05416666666666667
2 0.36875 0.06458333333333334 0.0390625 0.0375
2 0.2515625 0.03125 0.0421875 0.03333333333333333
6 0.790625 0.2 0.2390625 0.19166666666666668
2 0.515625 0.18958333333333333 0.078125 0.07083333333333333
2 0.30625 0.21458333333333332 0.0984375 0.058333333333333334
2 0.075 0.16875 0.078125 0.0625
2 0.3640625 0.1 0.046875 0.05416666666666667
2 0.3140625 0.08958333333333333 0.0609375 0.06875
