6 0.353125 0.05 0.078125 0.1
0 0.1640625 0.1 0.015625 0.05
2 0.509375 0.0125 0.01875 0.020833333333333332
5 0.4859375 0.020833333333333332 0.034375 0.0375
2 0.5921875 0.010416666666666666 0.01875 0.020833333333333332
2 0.2515625 0.03125 0.0390625 0.03333333333333333
5 0.3296875 0.0625 0.0421875 0.0875
2 0.434375 0.04791666666666667 0.034375 0.0375
2 0.4296875 0.09375 0.046875 0.058333333333333334
2 0.59375 0.075 0.03125 0.05416666666666667
2 0.4625 0.03333333333333333 0.0265625 0.03333333333333333
