2 0.371875 0.075 0.0671875 0.09375
1 0.225 0.1125 0.01875 0.058333333333333334
2 0.446875 0.03333333333333333 0.0421875 0.06666666666666667
2 0.503125 0.0375 0.03125 0.0375
2 0.490625 0.016666666666666666 0.03125 0.03333333333333333
2 0.41875 0.09791666666666667 0.046875 0.058333333333333334
2 0.528125 0.014583333333333334 0.0265625 0.03125
2 0.36875 0.3333333333333333 0.1015625 0.14375
2 0.459375 0.06875 0.0390625 0.04583333333333333
2 0.1515625 0.2375 0.109375 0.10833333333333334
2 0.3375 0.6291666666666667 0.1578125 0.2625
