5 0.4203125 0.09791666666666667 0.05 0.06666666666666667
2 0.2515625 0.03125 0.0390625 0.03333333333333333
2 0.453125 0.07083333333333333 0.034375 0.04583333333333333
4 0.065625 0.20208333333333334 0.1328125 0.18958333333333333
2 0.575 0.04791666666666667 0.0265625 0.03333333333333333
5 0.66875 0.27291666666666664 0.1140625 0.23541666666666666
2 0.44375 0.022916666666666665 0.0265625 0.03125
2 0.55 0.11666666666666667 0.0390625 0.05
6 0.8515625 0.29375 0.296875 0.2916666666666667
2 0.328125 0.08958333333333333 0.046875 0.05
2 0.484375 0.01875 0.028125 0.0375
