5 0.4234375 0.09791666666666667 0.0390625 0.05416666666666667
2 0.31875 0.0625 0.0453125 0.0375
2 0.075 0.21875 0.1171875 0.11666666666666667
2 0.45625 0.07708333333333334 0.0375 0.04583333333333333
2 0.2515625 0.03125 0.0390625 0.03333333333333333
5 0.621875 0.014583333333333334 0.0265625 0.03125
2 0.4140625 0.2708333333333333 0.0859375 0.10208333333333333
2 0.590625 0.07291666666666667 0.0265625 0.0375
2 0.5265625 0.10208333333333333 0.0375 0.04583333333333333
2 0.4984375 0.041666666666666664 0.0265625 0.0375
2 0.5375 0.14166666666666666 0.0390625 0.058333333333333334
2 0.084375 0.275 0.1453125 0.12916666666666668
2 0.29375 0.1 0.0671875 0.07708333333333334
