0 0.2046875 0.1125 0.01875 0.058333333333333334
2 0.49375 0.014583333333333334 0.0203125 0.029166666666666667
2 0.2515625 0.03125 0.0390625 0.03333333333333333
2 0.4890625 0.04583333333333333 0.03125 0.0375
2 0.6203125 0.01875 0.01875 0.03333333333333333
2 0.6015625 0.05416666666666667 0.025 0.0375
2 0.4140625 0.06875 0.0421875 0.04583333333333333
2 0.453125 0.21875 0.0640625 0.08541666666666667
2 0.4671875 0.06875 0.034375 0.04583333333333333
2 0.5390625 0.0875 0.0375 0.04583333333333333
2 0.4390625 0.09166666666666666 0.0390625 0.05
2 0.271875 0.15625 0.0703125 0.06875
