0 0.1109375 0.10833333333333334 0.0125 0.05
0 0.203125 0.10833333333333334 0.01875 0.05
2 0.4953125 0.0125 0.0203125 0.025
2 0.51875 0.022916666666666665 0.03125 0.04583333333333333
2 0.2515625 0.03125 0.0390625 0.03333333333333333
5 0.590625 0.027083333333333334 0.03125 0.05416666666666667
2 0.559375 0.15625 0.0421875 0.0625
2 0.375 0.33541666666666664 0.10625 0.14375
2 0.4265625 0.058333333333333334 0.0390625 0.041666666666666664
2 0.490625 0.04583333333333333 0.028125 0.0375
2 0.5953125 0.07916666666666666 0.028125 0.041666666666666664
2 0.46875 0.06875 0.0375 0.04583333333333333
2 0.4390625 0.09375 0.0390625 0.05
2 0.2171875 0.17083333333333334 0.0953125 0.10625
