6 0.359375 0.05625 0.084375 0.07708333333333334
2 0.4453125 0.04583333333333333 0.03125 0.0375
2 0.4125 0.06875 0.0421875 0.05
2 0.2515625 0.03125 0.0390625 0.03333333333333333
5 0.6015625 0.14166666666666666 0.115625 0.15625
5 0.309375 0.08333333333333333 0.046875 0.07708333333333334
2 0.1703125 0.18541666666666667 0.0953125 0.0625
2 0.553125 0.06041666666666667 0.028125 0.0375
4 0.109375 0.07083333333333333 0.2078125 0.1
6 0.7859375 0.18958333333333333 0.3953125 0.25
2 0.35625 0.10833333333333334 0.053125 0.05
