2 0.4765625 0.029166666666666667 0.0265625 0.03333333333333333
2 0.4984375 0.014583333333333334 0.028125 0.029166666666666667
2 0.5140625 0.00625 0.0203125 0.014583333333333334
2 0.453125 0.04583333333333333 0.03125 0.041666666666666664
6 0.403125 0.03333333333333333 0.0625 0.06666666666666667
2 0.2515625 0.03125 0.0390625 0.0375
2 0.39375 0.08541666666666667 0.0421875 0.041666666666666664
2 0.11875 0.7125 0.2390625 0.4083333333333333
2 0.0546875 0.25416666666666665 0.1109375 0.125
2 0.275 0.1375 0.090625 0.11875
