2 0.2515625 0.027083333333333334 0.0390625 0.03125
0 0.834375 0.31666666666666665 0.0203125 0.07916666666666666
0 0.809375 0.3125 0.0203125 0.075
2 0.5421875 0.22083333333333333 0.0578125 0.08333333333333333
2 0.4671875 0.19583333333333333 0.0578125 0.07916666666666666
2 0.253125 0.15625 0.09375 0.11666666666666667
2 0.43125 0.43333333333333335 0.115625 0.18125
2 0.4234375 0.01875 0.03125 0.03125
2 0.5796875 0.025 0.01875 0.03125
2 0.5453125 0.09166666666666666 0.034375 0.04583333333333333
6 0.2859375 0.07916666666666666 0.109375 0.13333333333333333
2 0.38125 0.0875 0.0390625 0.05
2 0.4796875 0.022916666666666665 0.0265625 0.03333333333333333
2 0.440625 0.052083333333333336 0.03125 0.0375
