2 0.4375 0.025 0.0265625 0.0375
0 0.2046875 0.11666666666666667 0.015625 0.05
2 0.509375 0.0125 0.01875 0.020833333333333332
2 0.378125 0.08125 0.05 0.06875
2 0.434375 0.04583333333333333 0.03125 0.0375
5 0.4859375 0.020833333333333332 0.034375 0.0375
6 0.3484375 0.05 0.0765625 0.1
5 0.3296875 0.06041666666666667 0.0421875 0.08541666666666667
2 0.4296875 0.09375 0.046875 0.058333333333333334
2 0.2515625 0.03125 0.0390625 0.03333333333333333
2 0.4625 0.03333333333333333 0.0265625 0.03333333333333333
2 0.0578125 0.25 0.115625 0.07916666666666666
2 0.3265625 0.21875 0.1171875 0.07083333333333333
