0 0.8125 0.25625 0.01875 0.075
0 0.7875 0.2520833333333333 0.0171875 0.06875
2 0.453125 0.03125 0.0390625 0.0625
2 0.0875 0.80625 0.1765625 0.35208333333333336
2 0.2515625 0.03125 0.0421875 0.03333333333333333
2 0.5734375 0.022916666666666665 0.0234375 0.03125
2 0.615625 0.025 0.0203125 0.03125
2 0.6015625 0.058333333333333334 0.0265625 0.0375
2 0.2296875 0.07916666666666666 0.0640625 0.041666666666666664
2 0.353125 0.3541666666666667 0.1171875 0.14375
2 0.5765625 0.12916666666666668 0.0390625 0.05416666666666667
2 0.1796875 0.21666666666666667 0.09375 0.09375
2 0.3546875 0.10625 0.05 0.05
