1 0.203125 0.1125 0.0265625 0.05
5 0.621875 0.014583333333333334 0.0265625 0.03125
2 0.4546875 0.07708333333333334 0.0390625 0.04583333333333333
2 0.5921875 0.04583333333333333 0.0234375 0.03333333333333333
2 0.2515625 0.03125 0.0390625 0.03333333333333333
2 0.553125 0.0625 0.028125 0.0375
2 0.1625 0.09375 0.0765625 0.04583333333333333
2 0.503125 0.15 0.05 0.0625
2 0.4953125 0.04583333333333333 0.03125 0.0375
2 0.5546875 0.09375 0.03125 0.04583333333333333
2 0.1265625 0.18958333333333333 0.1171875 0.11666666666666667
