5 0.4265625 0.027083333333333334 0.03125 0.04583333333333333
2 0.5171875 0.022916666666666665 0.03125 0.04583333333333333
0 0.8359375 0.2708333333333333 0.0234375 0.08333333333333333
2 0.5890625 0.010416666666666666 0.01875 0.022916666666666665
2 0.4921875 0.014583333333333334 0.0234375 0.029166666666666667
2 0.8953125 0.86875 0.2046875 0.2520833333333333
2 0.4890625 0.04583333333333333 0.03125 0.0375
2 0.2515625 0.03125 0.0390625 0.03333333333333333
2 0.5671875 0.03333333333333333 0.0234375 0.03333333333333333
2 0.3546875 0.33541666666666664 0.10625 0.14166666666666666
2 0.490625 0.13541666666666666 0.0609375 0.10833333333333334
2 0.46875 0.06875 0.0375 0.04583333333333333
2 0.4390625 0.05 0.034375 0.041666666666666664
2 0.4875 0.3125 0.0859375 0.14583333333333334
2 0.3609375 0.07291666666666667 0.0421875 0.041666666666666664
2 0.4390625 0.09166666666666666 0.0390625 0.04583333333333333
2 0.5703125 0.12291666666666666 0.0375 0.05
2 0.3453125 0.11458333333333333 0.05 0.05416666666666667
