2 0.4375 0.022916666666666665 0.0265625 0.03333333333333333
2 0.378125 0.08125 0.053125 0.06875
2 0.5453125 0.010416666666666666 0.025 0.020833333333333332
2 0.4375 0.04791666666666667 0.03125 0.0375
6 0.3484375 0.052083333333333336 0.075 0.1
2 0.2515625 0.03125 0.0390625 0.03333333333333333
2 0.6015625 0.041666666666666664 0.0265625 0.03333333333333333
5 0.3296875 0.06041666666666667 0.0421875 0.08541666666666667
2 0.4625 0.035416666666666666 0.0265625 0.03333333333333333
2 0.5109375 0.03125 0.0265625 0.03333333333333333
2 0.4296875 0.09375 0.046875 0.058333333333333334
2 0.5625 0.06666666666666667 0.028125 0.041666666666666664
