2 0.1765625 0.7458333333333333 0.328125 0.49583333333333335
0 0.2015625 0.11041666666666666 0.0203125 0.058333333333333334
0 0.834375 0.22083333333333333 0.0203125 0.07708333333333334
2 0.571875 0.025 0.028125 0.05
2 0.2515625 0.03125 0.0390625 0.03333333333333333
2 0.490625 0.04583333333333333 0.0265625 0.0375
2 0.4125 0.06875 0.0453125 0.05
2 0.6015625 0.0125 0.01875 0.027083333333333334
2 0.59375 0.075 0.03125 0.058333333333333334
5 0.3390625 0.05416666666666667 0.05 0.09375
2 0.46875 0.06875 0.0375 0.04583333333333333
2 0.4328125 0.23958333333333334 0.071875 0.1
2 0.4390625 0.09166666666666666 0.0390625 0.05
2 0.5390625 0.07708333333333334 0.034375 0.05
2 0.1453125 0.19166666666666668 0.0921875 0.08541666666666667
2 0.278125 0.15 0.0703125 0.07708333333333334
