2 0.03125 0.8875 0.0625 0.21875
0 0.815625 0.25833333333333336 0.01875 0.07083333333333333
2 0.3125 0.40625 0.1453125 0.19791666666666666
0 0.7890625 0.25416666666666665 0.01875 0.06875
2 0.2515625 0.03125 0.0421875 0.03333333333333333
2 0.615625 0.03333333333333333 0.0203125 0.03125
2 0.5703125 0.029166666666666667 0.025 0.03125
2 0.596875 0.06875 0.0265625 0.0375
2 0.259375 0.07708333333333334 0.0625 0.04583333333333333
2 0.5671875 0.15416666666666667 0.0421875 0.0625
2 0.2234375 0.19166666666666668 0.0828125 0.07916666666666666
2 0.36875 0.09375 0.0421875 0.05
