5 0.315625 0.07708333333333334 0.046875 0.07916666666666666
0 0.5890625 0.13125 0.015625 0.05416666666666667
0 0.4921875 0.13541666666666666 0.015625 0.04583333333333333
2 0.4296875 0.04583333333333333 0.046875 0.06666666666666667
2 0.38125 0.09166666666666666 0.0390625 0.04583333333333333
2 0.9734375 0.33958333333333335 0.05 0.07708333333333334
2 0.2515625 0.027083333333333334 0.0390625 0.03125
6 0.340625 0.05625 0.09375 0.11041666666666666
2 0.4984375 0.0125 0.0234375 0.027083333333333334
2 0.4796875 0.027083333333333334 0.0265625 0.03333333333333333
2 0.575 0.24583333333333332 0.1265625 0.08541666666666667
2 0.20625 0.19583333333333333 0.0953125 0.058333333333333334
2 0.7890625 0.25 0.1328125 0.07708333333333334
