0 0.734375 0.12916666666666668 0.01875 0.05416666666666667
5 0.5484375 0.15625 0.0859375 0.10833333333333334
2 0.36875 0.06458333333333334 0.0390625 0.0375
2 0.2515625 0.03125 0.0390625 0.03333333333333333
2 0.421875 0.029166666666666667 0.03125 0.0375
2 0.20625 0.19166666666666668 0.0953125 0.06666666666666667
2 0.7 0.28541666666666665 0.1375 0.08333333333333333
2 0.3640625 0.1 0.046875 0.05416666666666667
2 0.3140625 0.09166666666666666 0.0609375 0.06875
6 0.6234375 0.15833333333333333 0.1796875 0.17708333333333334
