2 0.2515625 0.03125 0.0390625 0.03333333333333333
6 0.0390625 0.22291666666666668 0.078125 0.25
0 0.965625 0.2 0.0265625 0.07708333333333334
6 0.240625 0.1375 0.1171875 0.15625
5 0.575 0.05416666666666667 0.0453125 0.10833333333333334
2 0.490625 0.04583333333333333 0.028125 0.0375
2 0.4796875 0.32708333333333334 0.078125 0.11666666666666667
2 0.484375 0.016666666666666666 0.0265625 0.03125
2 0.5609375 0.16458333333333333 0.046875 0.06875
2 0.46875 0.06875 0.0375 0.04583333333333333
2 0.4390625 0.09166666666666666 0.0390625 0.05
2 0.371875 0.07916666666666666 0.053125 0.06875
