2 0.390625 0.05 0.0390625 0.05
5 0.4765625 0.022916666666666665 0.046875 0.04583333333333333
2 0.434375 0.05 0.0421875 0.05416666666666667
2 0.5140625 0.010416666666666666 0.025 0.020833333333333332
5 0.3015625 0.075 0.05 0.10208333333333333
2 0.540625 0.11666666666666667 0.03125 0.05
2 0.3578125 0.08541666666666667 0.0703125 0.09791666666666667
2 0.5703125 0.041666666666666664 0.025 0.03333333333333333
2 0.3078125 0.43125 0.125 0.16041666666666668
2 0.171875 0.22291666666666668 0.1015625 0.1
2 0.034375 0.25833333333333336 0.0703125 0.09791666666666667
