2 0.509375 0.0125 0.01875 0.020833333333333332
5 0.609375 0.03125 0.0375 0.0625
2 0.2515625 0.03125 0.0390625 0.03333333333333333
5 0.4859375 0.020833333333333332 0.034375 0.0375
2 0.4375 0.022916666666666665 0.0265625 0.03333333333333333
2 0.378125 0.08125 0.05 0.06875
2 0.434375 0.04791666666666667 0.03125 0.0375
6 0.3484375 0.05 0.075 0.1
5 0.3296875 0.06041666666666667 0.0421875 0.08541666666666667
2 0.428125 0.09375 0.046875 0.0625
2 0.4625 0.03333333333333333 0.0265625 0.03333333333333333
2 0.553125 0.16041666666666668 0.0671875 0.07708333333333334
2 0.0234375 0.14375 0.046875 0.07083333333333333
2 0.75625 0.2375 0.121875 0.07708333333333334
2 0.9640625 0.275 0.0671875 0.09375
2 0.1734375 0.175 0.0828125 0.0625
