2 0.1828125 0.16875 0.1421875 0.18125
0 0.9828125 0.21041666666666667 0.0203125 0.0625
2 0.2515625 0.03125 0.0390625 0.03333333333333333
5 0.5765625 0.04583333333333333 0.0390625 0.08541666666666667
2 0.490625 0.04583333333333333 0.028125 0.0375
2 0.509375 0.26875 0.0625 0.09375
2 0.4671875 0.06875 0.034375 0.04583333333333333
2 0.475 0.027083333333333334 0.028125 0.03333333333333333
2 0.4390625 0.09166666666666666 0.0390625 0.05
2 0.56875 0.13958333333333334 0.0390625 0.0625
2 0.34375 0.1 0.0578125 0.075
