2 0.5875 0.010416666666666666 0.01875 0.020833333333333332
5 0.4234375 0.09791666666666667 0.0390625 0.05416666666666667
2 0.2515625 0.03125 0.0390625 0.03333333333333333
2 0.4546875 0.07708333333333334 0.0390625 0.04583333333333333
2 0.58125 0.0375 0.025 0.03333333333333333
2 0.3828125 0.53125 0.15 0.22291666666666668
2 0.5671875 0.16666666666666666 0.0421875 0.0625
5 0.621875 0.014583333333333334 0.0265625 0.03125
2 0.4890625 0.05 0.03125 0.0375
2 0.546875 0.07916666666666666 0.03125 0.041666666666666664
