0 0.471875 0.12708333333333333 0.015625 0.058333333333333334
0 0.5453125 0.13958333333333334 0.0171875 0.05
2 0.4484375 0.23333333333333334 0.1 0.07083333333333333
2 0.36875 0.06458333333333334 0.0390625 0.0375
2 0.2515625 0.03125 0.0390625 0.03333333333333333
2 0.5234375 0.19791666666666666 0.0921875 0.07083333333333333
6 0.803125 0.20625 0.228125 0.20416666666666666
2 0.7875 0.30833333333333335 0.134375 0.07708333333333334
2 0.3140625 0.08958333333333333 0.0609375 0.06875
2 0.1171875 0.17291666666666666 0.0953125 0.0625
2 0.3640625 0.1 0.046875 0.05416666666666667
