2 0.4359375 0.38958333333333334 0.1078125 0.175
2 0.4375 0.08333333333333333 0.0453125 0.05416666666666667
2 0.590625 0.008333333333333333 0.0171875 0.016666666666666666
2 0.2515625 0.03125 0.0390625 0.03333333333333333
2 0.00625 0.14791666666666667 0.0125 0.04583333333333333
2 0.45 0.016666666666666666 0.03125 0.03333333333333333
2 0.565625 0.041666666666666664 0.0265625 0.03333333333333333
2 0.1078125 0.23958333333333334 0.0703125 0.1
2 0.471875 0.05416666666666667 0.0390625 0.05416666666666667
2 0.384375 0.07916666666666666 0.0375 0.05416666666666667
2 0.3625 0.06666666666666667 0.046875 0.05416666666666667
2 0.5375 0.0875 0.034375 0.04583333333333333
2 0.4875 0.1625 0.053125 0.07083333333333333
