2 0.2515625 0.03125 0.0390625 0.03333333333333333
2 0.4234375 0.09791666666666667 0.046875 0.058333333333333334
2 0.4859375 0.016666666666666666 0.025 0.027083333333333334
2 0.4546875 0.075 0.0375 0.04583333333333333
2 0.4296875 0.05416666666666667 0.03125 0.0375
2 0.4625 0.0375 0.03125 0.03333333333333333
2 0.3703125 0.06875 0.0421875 0.041666666666666664
2 0.5078125 0.03333333333333333 0.0265625 0.03333333333333333
2 0.4875 0.05 0.03125 0.0375
2 0.53125 0.016666666666666666 0.03125 0.03333333333333333
2 0.3671875 0.09791666666666667 0.05 0.05416666666666667
2 0.3203125 0.09791666666666667 0.0453125 0.05
