2 0.4984375 0.0125 0.0265625 0.027083333333333334
1 0.203125 0.1125 0.0265625 0.05
2 0.4234375 0.09791666666666667 0.0390625 0.05
2 0.8625 0.8854166666666666 0.275 0.22916666666666666
2 0.2515625 0.03125 0.0390625 0.0375
5 0.6203125 0.016666666666666666 0.03125 0.03333333333333333
2 0.3890625 0.08541666666666667 0.0390625 0.04583333333333333
2 0.24375 0.5 0.153125 0.21458333333333332
2 0.4390625 0.225 0.0671875 0.08541666666666667
2 0.4703125 0.03333333333333333 0.03125 0.03333333333333333
2 0.4578125 0.075 0.0375 0.04583333333333333
2 0.50625 0.12708333333333333 0.0390625 0.05416666666666667
6 0.08125 0.17708333333333334 0.1640625 0.22916666666666666
2 0.275 0.11875 0.0578125 0.058333333333333334
2 0.3109375 0.1375 0.0609375 0.058333333333333334
