0 0.5546875 0.12708333333333333 0.015625 0.05416666666666667
0 0.6328125 0.14166666666666666 0.0171875 0.05416666666666667
2 0.2515625 0.03125 0.0390625 0.03333333333333333
2 0.36875 0.06458333333333334 0.0390625 0.0375
6 0.7953125 0.20208333333333334 0.2359375 0.19583333333333333
2 0.521875 0.19583333333333333 0.0859375 0.07083333333333333
2 0.3640625 0.1 0.046875 0.05416666666666667
2 0.3140625 0.09166666666666666 0.0609375 0.06875
2 0.2171875 0.19375 0.0859375 0.0625
2 0.49375 0.24791666666666667 0.109375 0.06875
