2 0.3921875 0.04791666666666667 0.0265625 0.03125
2 0.509375 0.010416666666666666 0.0265625 0.020833333333333332
5 0.615625 0.01875 0.0265625 0.0375
2 0.425 0.029166666666666667 0.034375 0.0375
5 0.459375 0.029166666666666667 0.046875 0.058333333333333334
2 0.4921875 0.016666666666666666 0.028125 0.03333333333333333
2 0.2515625 0.03125 0.0390625 0.03333333333333333
2 0.6859375 0.20833333333333334 0.1015625 0.075
2 0.3609375 0.06875 0.0390625 0.041666666666666664
2 0.84375 0.2625 0.134375 0.075
2 0.44375 0.22708333333333333 0.1015625 0.07708333333333334
2 0.3140625 0.09583333333333334 0.053125 0.05416666666666667
2 0.378125 0.0875 0.0453125 0.05416666666666667
2 0.1703125 0.17708333333333334 0.0859375 0.06666666666666667
