2 0.45 0.075 0.0375 0.05
2 0.3078125 0.4354166666666667 0.1375 0.17291666666666666
2 0.3921875 0.07916666666666666 0.0390625 0.04583333333333333
5 0.4203125 0.09791666666666667 0.046875 0.0625
2 0.2515625 0.03125 0.0390625 0.0375
2 0.0578125 0.23541666666666666 0.115625 0.10833333333333334
2 0.4546875 0.20416666666666666 0.0609375 0.075
2 0.55625 0.0625 0.0265625 0.0375
2 0.509375 0.11875 0.0390625 0.05416666666666667
2 0.2828125 0.1125 0.05 0.05
2 0.215625 0.18125 0.0984375 0.11041666666666666
