2 0.39375 0.04791666666666667 0.0265625 0.03125
0 0.9203125 0.2 0.0234375 0.058333333333333334
2 0.5890625 0.0125 0.01875 0.025
6 0.5765625 0.0875 0.10625 0.12916666666666668
2 0.425 0.029166666666666667 0.034375 0.0375
6 0.5984375 0.25833333333333336 0.4875 0.2833333333333333
5 0.459375 0.029166666666666667 0.046875 0.058333333333333334
2 0.2515625 0.03125 0.0390625 0.0375
2 0.4921875 0.016666666666666666 0.03125 0.03333333333333333
2 0.3609375 0.06875 0.0390625 0.04583333333333333
5 0.33125 0.2375 0.090625 0.22708333333333333
2 0.3140625 0.09583333333333334 0.053125 0.05416666666666667
2 0.378125 0.0875 0.0453125 0.05416666666666667
