2 0.0375 0.86875 0.0765625 0.2520833333333333
2 0.425 0.06041666666666667 0.034375 0.041666666666666664
2 0.2171875 0.14166666666666666 0.0859375 0.08541666666666667
2 0.446875 0.4375 0.1078125 0.18333333333333332
2 0.3484375 0.3645833333333333 0.103125 0.1375
2 0.4390625 0.08541666666666667 0.0421875 0.05416666666666667
2 0.5921875 0.0625 0.0265625 0.0375
2 0.5 0.0125 0.0265625 0.027083333333333334
2 0.471875 0.05416666666666667 0.0390625 0.05416666666666667
2 0.3453125 0.1125 0.0578125 0.058333333333333334
2 0.5046875 0.1375 0.0421875 0.0625
2 0.384375 0.0625 0.0375 0.041666666666666664
