5 0.5890625 0.06041666666666667 0.0421875 0.11041666666666666
2 0.3703125 0.06041666666666667 0.0390625 0.041666666666666664
2 0.440625 0.04583333333333333 0.0375 0.04583333333333333
2 0.459375 0.016666666666666666 0.0265625 0.027083333333333334
2 0.3765625 0.0875 0.05 0.06666666666666667
4 0.053125 0.13125 0.1078125 0.14166666666666666
2 0.4625 0.06875 0.0375 0.041666666666666664
2 0.7453125 0.22916666666666666 0.10625 0.07916666666666666
2 0.5890625 0.2520833333333333 0.1484375 0.10833333333333334
2 0.328125 0.09166666666666666 0.05 0.05
