2 0.5171875 0.022916666666666665 0.03125 0.04583333333333333
0 0.1734375 0.10833333333333334 0.0171875 0.0625
0 0.9484375 0.5270833333333333 0.046875 0.13333333333333333
2 0.490625 0.016666666666666666 0.0203125 0.029166666666666667
2 0.2671875 0.12291666666666666 0.0578125 0.0625
2 0.46875 0.014583333333333334 0.025 0.029166666666666667
5 0.378125 0.03333333333333333 0.0390625 0.06875
2 0.4890625 0.04583333333333333 0.03125 0.0375
2 0.44375 0.05 0.034375 0.0375
2 0.46875 0.06875 0.0375 0.04583333333333333
2 0.4390625 0.09375 0.0390625 0.05
4 0.253125 0.058333333333333334 0.165625 0.10625
2 0.30625 0.12708333333333333 0.075 0.08541666666666667
2 0.38125 0.0875 0.0390625 0.04583333333333333
