2 0.396875 0.07708333333333334 0.0390625 0.05
6 0.0703125 0.20208333333333334 0.140625 0.24375
2 0.45625 0.041666666666666664 0.034375 0.0375
2 0.375 0.0625 0.034375 0.0375
2 0.5671875 0.05416666666666667 0.0265625 0.041666666666666664
2 0.4328125 0.027083333333333334 0.034375 0.04583333333333333
2 0.465625 0.0625 0.0390625 0.04583333333333333
2 0.43125 0.0875 0.0421875 0.05416666666666667
2 0.5171875 0.11041666666666666 0.05 0.0875
6 0.18125 0.12291666666666666 0.15625 0.18541666666666667
2 0.2296875 0.18958333333333333 0.0875 0.0875
2 0.3140625 0.09375 0.0546875 0.0625
