0 0.9078125 0.18541666666666667 0.0265625 0.07083333333333333
5 0.425 0.09375 0.0453125 0.0625
2 0.2515625 0.03125 0.0390625 0.03333333333333333
2 0.553125 0.18125 0.05 0.07083333333333333
2 0.5703125 0.03333333333333333 0.0234375 0.03333333333333333
2 0.0859375 0.21875 0.115625 0.11458333333333333
2 0.4625 0.035416666666666666 0.0265625 0.03333333333333333
2 0.4703125 0.17291666666666666 0.053125 0.06875
2 0.38125 0.31666666666666665 0.0859375 0.10833333333333334
2 0.5171875 0.10833333333333334 0.0390625 0.058333333333333334
2 0.590625 0.08541666666666667 0.0265625 0.041666666666666664
2 0.3640625 0.09166666666666666 0.0625 0.06875
