2 0.43125 0.025 0.0390625 0.05
2 0.9484375 0.28958333333333336 0.1 0.08333333333333333
2 0.2515625 0.03125 0.0390625 0.03333333333333333
5 0.3078125 0.08333333333333333 0.0453125 0.07708333333333334
2 0.3234375 0.20625 0.10625 0.07708333333333334
2 0.6078125 0.03333333333333333 0.0203125 0.03333333333333333
2 0.484375 0.022916666666666665 0.0265625 0.03333333333333333
2 0.3578125 0.10833333333333334 0.05 0.05
2 0.6609375 0.19375 0.1015625 0.07083333333333333
2 0.853125 0.30833333333333335 0.1578125 0.09375
