2 0.4703125 0.029166666666666667 0.028125 0.03125
2 0.4375 0.08333333333333333 0.0453125 0.05416666666666667
2 0.44375 0.04583333333333333 0.03125 0.03333333333333333
2 0.459375 0.016666666666666666 0.01875 0.029166666666666667
2 0.4890625 0.016666666666666666 0.025 0.03125
2 0.434375 0.029166666666666667 0.034375 0.04583333333333333
2 0.375 0.0625 0.034375 0.041666666666666664
2 0.5828125 0.020833333333333332 0.01875 0.029166666666666667
2 0.4703125 0.05416666666666667 0.0390625 0.05416666666666667
2 0.50625 0.0125 0.0203125 0.025
2 0.471875 0.17291666666666666 0.0859375 0.07708333333333334
2 0.4078125 0.07083333333333333 0.0421875 0.05
2 0.5328125 0.10625 0.0390625 0.05416666666666667
2 0.3234375 0.09166666666666666 0.046875 0.05
