0 0.546875 0.13958333333333334 0.01875 0.05416666666666667
2 0.509375 0.0125 0.01875 0.020833333333333332
2 0.415625 0.07083333333333333 0.034375 0.04583333333333333
2 0.378125 0.08125 0.05 0.06875
5 0.484375 0.020833333333333332 0.034375 0.0375
2 0.4359375 0.04583333333333333 0.028125 0.0375
2 0.2515625 0.03125 0.0390625 0.03333333333333333
6 0.3515625 0.04791666666666667 0.078125 0.09791666666666667
2 0.4390625 0.08333333333333333 0.0453125 0.058333333333333334
5 0.3296875 0.06041666666666667 0.0421875 0.08541666666666667
2 0.45625 0.016666666666666666 0.0265625 0.03333333333333333
2 0.4625 0.035416666666666666 0.0265625 0.03333333333333333
2 0.384375 0.2125 0.134375 0.09375
2 0.6625 0.21875 0.109375 0.07916666666666666
2 0.846875 0.71875 0.275 0.24583333333333332
2 0.1609375 0.17916666666666667 0.084375 0.0625
2 0.88125 0.2708333333333333 0.1375 0.07916666666666666
2 0.6234375 0.25625 0.109375 0.07708333333333334
