2 0.128125 0.18958333333333333 0.1171875 0.10833333333333334
2 0.4234375 0.25625 0.075 0.09375
2 0.4390625 0.08541666666666667 0.0421875 0.05416666666666667
2 0.4078125 0.07291666666666667 0.0421875 0.04583333333333333
2 0.4984375 0.31666666666666665 0.0765625 0.11666666666666667
2 0.6015625 0.0375 0.0234375 0.03333333333333333
2 0.1390625 0.6416666666666667 0.2609375 0.35208333333333336
2 0.4734375 0.05625 0.0375 0.05
2 0.49375 0.016666666666666666 0.0265625 0.029166666666666667
2 0.5328125 0.09583333333333334 0.034375 0.05
2 0.3 0.1375 0.0703125 0.06875
2 0.3578125 0.07708333333333334 0.0421875 0.04583333333333333
