2 0.6109375 0.014583333333333334 0.01875 0.029166666666666667
5 0.415625 0.10208333333333333 0.05 0.0625
2 0.3703125 0.06041666666666667 0.0390625 0.041666666666666664
2 0.3765625 0.08541666666666667 0.05 0.06875
2 0.453125 0.07708333333333334 0.034375 0.04583333333333333
2 0.440625 0.041666666666666664 0.0375 0.041666666666666664
2 0.4609375 0.016666666666666666 0.025 0.027083333333333334
2 0.4859375 0.01875 0.0265625 0.03333333333333333
6 0.59375 0.10833333333333334 0.1640625 0.20416666666666666
2 0.325 0.09166666666666666 0.05 0.05
