0 0.184375 0.11041666666666666 0.0171875 0.05
2 0.4375 0.08333333333333333 0.0453125 0.05416666666666667
2 0.5875 0.008333333333333333 0.0203125 0.01875
5 0.475 0.0125 0.0421875 0.027083333333333334
2 0.253125 0.03125 0.0375 0.03333333333333333
2 0.1234375 0.2833333333333333 0.0640625 0.1
2 0.5703125 0.03333333333333333 0.0265625 0.03333333333333333
2 0.3765625 0.041666666666666664 0.0421875 0.05
2 0.4734375 0.05625 0.0375 0.05
2 0.5578125 0.13333333333333333 0.0375 0.05416666666666667
2 0.5453125 0.07083333333333333 0.034375 0.04583333333333333
2 0.3796875 0.08125 0.0421875 0.05416666666666667
2 0.325 0.08541666666666667 0.0546875 0.0625
