2 0.440625 0.04583333333333333 0.034375 0.0375
2 0.4375 0.08333333333333333 0.0453125 0.058333333333333334
2 0.059375 0.2375 0.1171875 0.10833333333333334
2 0.4984375 0.29375 0.0765625 0.11666666666666667
2 0.5984375 0.0875 0.028125 0.041666666666666664
2 0.178125 0.21875 0.09375 0.09375
2 0.559375 0.05625 0.0265625 0.0375
2 0.4171875 0.25 0.075 0.09791666666666667
2 0.4703125 0.05416666666666667 0.0390625 0.05416666666666667
2 0.5078125 0.13333333333333333 0.05 0.07083333333333333
2 0.1921875 0.75625 0.384375 0.4875
