2 0.4234375 0.09791666666666667 0.046875 0.0625
2 0.5015625 0.010416666666666666 0.0203125 0.022916666666666665
2 0.4796875 0.01875 0.0265625 0.03125
2 0.4546875 0.07708333333333334 0.034375 0.04583333333333333
2 0.3890625 0.08333333333333333 0.0390625 0.05
2 0.2140625 0.15625 0.0671875 0.06875
2 0.5078125 0.03333333333333333 0.0265625 0.03333333333333333
2 0.1328125 0.6645833333333333 0.196875 0.28958333333333336
2 0.4875 0.05 0.03125 0.0375
2 0.3796875 0.5541666666666667 0.1375 0.21458333333333332
2 0.5296875 0.016666666666666666 0.03125 0.03333333333333333
2 0.2265625 0.1875 0.0921875 0.1
2 0.3 0.11041666666666666 0.0546875 0.05416666666666667
