2 0.109375 0.7270833333333333 0.215625 0.375
5 0.4203125 0.09791666666666667 0.046875 0.0625
2 0.090625 0.2125 0.090625 0.0875
2 0.5875 0.010416666666666666 0.0203125 0.022916666666666665
2 0.2515625 0.03125 0.0390625 0.0375
2 0.45 0.075 0.0375 0.05
2 0.559375 0.04583333333333333 0.0265625 0.03333333333333333
2 0.3796875 0.32916666666666666 0.1078125 0.14166666666666666
5 0.3734375 0.05416666666666667 0.0578125 0.06666666666666667
2 0.4953125 0.1625 0.05 0.06875
2 0.5390625 0.08541666666666667 0.034375 0.04583333333333333
2 0.4734375 0.03125 0.028125 0.03333333333333333
2 0.2953125 0.14375 0.0671875 0.06666666666666667
