2 0.140625 0.15833333333333333 0.1109375 0.15208333333333332
6 0.384375 0.0375 0.0796875 0.07708333333333334
2 0.38125 0.08541666666666667 0.0453125 0.05416666666666667
2 0.309375 0.3958333333333333 0.121875 0.15208333333333332
6 0.5 0.125 0.06875 0.125
2 0.5640625 0.041666666666666664 0.0265625 0.03333333333333333
5 0.3625 0.041666666666666664 0.0421875 0.08541666666666667
2 0.446875 0.022916666666666665 0.028125 0.03333333333333333
2 0.5 0.0375 0.03125 0.0375
2 0.4609375 0.03958333333333333 0.034375 0.0375
