6 0.33125 0.08958333333333333 0.090625 0.12291666666666666
5 0.39375 0.03333333333333333 0.034375 0.06875
2 0.246875 0.10833333333333334 0.0828125 0.11458333333333333
2 0.59375 0.008333333333333333 0.01875 0.016666666666666666
2 0.428125 0.058333333333333334 0.0390625 0.05
2 0.4640625 0.0125 0.025 0.027083333333333334
6 0.3984375 0.25625 0.1296875 0.21666666666666667
5 0.0546875 0.2375 0.1109375 0.13541666666666666
2 0.54375 0.07708333333333334 0.03125 0.04583333333333333
2 0.51875 0.022916666666666665 0.0265625 0.03333333333333333
2 0.484375 0.022916666666666665 0.0265625 0.03333333333333333
