2 0.39375 0.04791666666666667 0.0265625 0.03125
0 0.971875 0.20625 0.025 0.06666666666666667
5 0.459375 0.029166666666666667 0.046875 0.058333333333333334
2 0.425 0.029166666666666667 0.034375 0.0375
2 0.9125 0.3458333333333333 0.1578125 0.15416666666666667
2 0.2515625 0.03125 0.0390625 0.0375
5 0.115625 0.25625 0.1015625 0.23333333333333334
2 0.4921875 0.016666666666666666 0.03125 0.03333333333333333
2 0.3609375 0.06875 0.0390625 0.04583333333333333
6 0.6203125 0.125 0.15625 0.20833333333333334
2 0.3140625 0.09583333333333334 0.053125 0.05416666666666667
2 0.378125 0.0875 0.0453125 0.05416666666666667
6 0.384375 0.24583333333333332 0.4796875 0.2520833333333333
