5 0.44375 0.022916666666666665 0.046875 0.04583333333333333
2 0.1015625 0.7708333333333334 0.2046875 0.3875
2 0.034375 0.26458333333333334 0.0703125 0.11666666666666667
2 0.45 0.075 0.034375 0.05
2 0.85 0.8958333333333334 0.3 0.20416666666666666
2 0.45625 0.03958333333333333 0.03125 0.03333333333333333
2 0.2515625 0.03125 0.0390625 0.0375
5 0.4203125 0.09791666666666667 0.05 0.0625
5 0.3703125 0.0875 0.0546875 0.07083333333333333
2 0.296875 0.10625 0.05 0.05416666666666667
2 0.359375 0.33958333333333335 0.0953125 0.125
6 0.221875 0.15208333333333332 0.1421875 0.17291666666666666
2 0.4796875 0.18541666666666667 0.053125 0.06875
