2 0.446875 0.04583333333333333 0.0265625 0.03333333333333333
0 0.896875 0.41458333333333336 0.0375 0.10625
4 0.0671875 0.07291666666666667 0.1328125 0.10208333333333333
2 0.484375 0.01875 0.0265625 0.03125
2 0.2515625 0.03125 0.0390625 0.03333333333333333
2 0.4640625 0.016666666666666666 0.025 0.029166666666666667
2 0.490625 0.04583333333333333 0.028125 0.0375
5 0.346875 0.05 0.046875 0.1
2 0.0859375 0.7770833333333333 0.1734375 0.3375
2 0.3546875 0.34375 0.1 0.12708333333333333
2 0.46875 0.06875 0.0375 0.04583333333333333
2 0.4390625 0.09166666666666666 0.0390625 0.05
2 0.378125 0.09375 0.0421875 0.05
2 0.0578125 0.29583333333333334 0.1171875 0.18541666666666667
2 0.25 0.16875 0.0765625 0.07708333333333334
