1 0.21875 0.10416666666666667 0.0265625 0.04583333333333333
2 0.4375 0.08541666666666667 0.0453125 0.05416666666666667
2 0.4171875 0.06875 0.0375 0.04583333333333333
2 0.5984375 0.04791666666666667 0.0234375 0.03333333333333333
2 0.1734375 0.16666666666666666 0.1 0.1
2 0.3921875 0.3020833333333333 0.0859375 0.10833333333333334
2 0.1 0.7875 0.2 0.4125
2 0.496875 0.014583333333333334 0.0265625 0.029166666666666667
2 0.4734375 0.05625 0.0375 0.05
2 0.321875 0.12708333333333333 0.0640625 0.0625
2 0.4796875 0.36041666666666666 0.0875 0.13958333333333334
2 0.521875 0.11041666666666666 0.0375 0.05416666666666667
2 0.36875 0.06875 0.0390625 0.041666666666666664
