0 0.78125 0.23125 0.015625 0.06666666666666667
6 0.4171875 0.03333333333333333 0.090625 0.06875
0 0.8015625 0.22916666666666666 0.0125 0.06875
5 0.3828125 0.06875 0.046875 0.08541666666666667
2 0.515625 0.008333333333333333 0.0234375 0.016666666666666666
2 0.4078125 0.28125 0.078125 0.10833333333333334
2 0.6203125 0.0125 0.01875 0.027083333333333334
2 0.2515625 0.03125 0.0390625 0.03333333333333333
2 0.6125 0.04583333333333333 0.025 0.0375
2 0.1140625 0.7416666666666667 0.228125 0.39166666666666666
2 0.490625 0.16458333333333333 0.0546875 0.06875
2 0.0375 0.09375 0.075 0.041666666666666664
2 0.1734375 0.21875 0.0984375 0.09791666666666667
