6 0.165625 0.20208333333333334 0.153125 0.18541666666666667
5 0.4859375 0.01875 0.0390625 0.0375
2 0.165625 0.20416666666666666 0.15625 0.1875
2 0.4546875 0.11666666666666667 0.034375 0.0375
2 0.4921875 0.04583333333333333 0.03125 0.0375
2 0.15625 0.8958333333333334 0.265625 0.20208333333333334
2 0.4421875 0.04375 0.0375 0.041666666666666664
2 0.3875 0.06875 0.0546875 0.08333333333333333
2 0.03125 0.8916666666666667 0.0625 0.20625
2 0.41875 0.09791666666666667 0.046875 0.0625
2 0.3328125 0.3729166666666667 0.11875 0.15833333333333333
2 0.5546875 0.05416666666666667 0.03125 0.04583333333333333
2 0.5171875 0.2604166666666667 0.0640625 0.09375
2 0.4625 0.06875 0.0375 0.041666666666666664
2 0.5703125 0.14166666666666666 0.0375 0.05416666666666667
2 0.4953125 0.13958333333333334 0.046875 0.0625
