4 0.603125 0.01875 0.0265625 0.0375
2 0.025 0.8895833333333333 0.05 0.2125
2 0.36875 0.08333333333333333 0.071875 0.1
2 0.4203125 0.09791666666666667 0.05 0.058333333333333334
2 0.5 0.041666666666666664 0.03125 0.0375
2 0.4859375 0.016666666666666666 0.0265625 0.03333333333333333
2 0.5265625 0.014583333333333334 0.0265625 0.03125
2 0.4625 0.06875 0.0375 0.041666666666666664
2 0.4453125 0.03333333333333333 0.0421875 0.06666666666666667
2 0.39375 0.3020833333333333 0.09375 0.125
2 0.3765625 0.5583333333333333 0.134375 0.20208333333333334
2 0.115625 0.25625 0.1234375 0.11875
