0 0.621875 0.14583333333333334 0.0125 0.05416666666666667
0 0.5546875 0.13958333333333334 0.015625 0.058333333333333334
0 0.5953125 0.13125 0.0171875 0.05416666666666667
2 0.36875 0.06458333333333334 0.0390625 0.0375
2 0.2515625 0.03125 0.0390625 0.03333333333333333
2 0.5109375 0.18125 0.06875 0.07083333333333333
2 0.0125 0.14583333333333334 0.0265625 0.05416666666666667
6 0.7828125 0.19791666666666666 0.23125 0.19166666666666668
2 0.3140625 0.09166666666666666 0.0609375 0.06875
2 0.3640625 0.1 0.046875 0.05416666666666667
2 0.2046875 0.19791666666666666 0.090625 0.058333333333333334
