1 0.203125 0.1125 0.0265625 0.05416666666666667
2 0.4234375 0.09791666666666667 0.0390625 0.05416666666666667
2 0.45625 0.07708333333333334 0.034375 0.04583333333333333
2 0.2515625 0.03125 0.0390625 0.03333333333333333
5 0.621875 0.014583333333333334 0.0265625 0.03125
2 0.5078125 0.32708333333333334 0.075 0.125
2 0.6109375 0.05416666666666667 0.0265625 0.03333333333333333
2 0.5640625 0.16041666666666668 0.0421875 0.058333333333333334
2 0.484375 0.05416666666666667 0.03125 0.0375
2 0.596875 0.09375 0.034375 0.04583333333333333
