5 0.290625 0.08125 0.1 0.12708333333333333
5 0.48125 0.01875 0.034375 0.0375
2 0.3859375 0.05625 0.03125 0.0375
2 0.453125 0.041666666666666664 0.028125 0.0375
2 0.43125 0.03125 0.03125 0.041666666666666664
2 0.4640625 0.07083333333333333 0.034375 0.04583333333333333
2 0.390625 0.07708333333333334 0.0390625 0.05416666666666667
2 0.2234375 0.17291666666666666 0.0921875 0.11041666666666666
2 0.4296875 0.09375 0.046875 0.058333333333333334
2 0.321875 0.125 0.0578125 0.06666666666666667
2 0.2265625 0.54375 0.16875 0.22291666666666668
