2 0.2515625 0.03125 0.0390625 0.03333333333333333
2 0.0125 0.14583333333333334 0.0265625 0.058333333333333334
2 0.4109375 0.06875 0.0421875 0.04583333333333333
2 0.4578125 0.041666666666666664 0.03125 0.03333333333333333
5 0.3078125 0.08333333333333333 0.0453125 0.07708333333333334
2 0.36875 0.21666666666666667 0.1296875 0.07916666666666666
2 0.5578125 0.09375 0.03125 0.04583333333333333
2 0.9375 0.2791666666666667 0.121875 0.08541666666666667
2 0.640625 0.18541666666666667 0.0765625 0.06666666666666667
2 0.721875 0.2833333333333333 0.15625 0.08541666666666667
2 0.3578125 0.10833333333333334 0.05 0.05
