5 0.459375 0.014583333333333334 0.0265625 0.029166666666666667
0 0.909375 0.49166666666666664 0.03125 0.10833333333333334
2 0.2515625 0.027083333333333334 0.0390625 0.03125
0 0.8671875 0.48333333333333334 0.03125 0.10208333333333333
6 0.3625 0.04583333333333333 0.0796875 0.09375
2 0.4140625 0.06875 0.0421875 0.05
2 0.4609375 0.18541666666666667 0.0671875 0.10208333333333333
2 0.509375 0.010416666666666666 0.0203125 0.022916666666666665
2 0.0625 0.8479166666666667 0.1265625 0.29375
5 0.346875 0.05 0.05 0.1
2 0.075 0.225 0.109375 0.10833333333333334
2 0.2921875 0.15208333333333332 0.06875 0.0625
