0 0.309375 0.12291666666666666 0.01875 0.05
0 0.2703125 0.10833333333333334 0.0125 0.05416666666666667
0 0.2046875 0.11666666666666667 0.0171875 0.05416666666666667
2 0.36875 0.06458333333333334 0.0390625 0.0375
2 0.5859375 0.1 0.034375 0.05416666666666667
2 0.2515625 0.03125 0.0390625 0.0375
2 0.3640625 0.09791666666666667 0.046875 0.05416666666666667
4 0.8296875 0.27291666666666664 0.3328125 0.21875
2 0.315625 0.08958333333333333 0.0546875 0.06875
2 0.4921875 0.5520833333333334 0.21875 0.20208333333333334
