2 0.4234375 0.09791666666666667 0.0390625 0.05416666666666667
1 0.203125 0.1125 0.0265625 0.05416666666666667
2 0.2515625 0.03125 0.0390625 0.03333333333333333
2 0.4546875 0.07708333333333334 0.0390625 0.04583333333333333
2 0.575 0.11458333333333333 0.03125 0.04583333333333333
2 0.453125 0.20625 0.0640625 0.07708333333333334
2 0.56875 0.029166666666666667 0.0234375 0.03333333333333333
2 0.48125 0.2833333333333333 0.071875 0.10208333333333333
5 0.621875 0.014583333333333334 0.0265625 0.03125
2 0.38125 0.05416666666666667 0.0421875 0.05416666666666667
2 0.5140625 0.027083333333333334 0.0265625 0.03333333333333333
2 0.3515625 0.10625 0.0546875 0.05416666666666667
2 0.271875 0.11458333333333333 0.0640625 0.06875
