2 0.51875 0.022916666666666665 0.03125 0.04583333333333333
0 0.203125 0.11041666666666666 0.01875 0.05416666666666667
2 0.2515625 0.03125 0.0390625 0.03333333333333333
2 0.4921875 0.014583333333333334 0.0234375 0.029166666666666667
2 0.421875 0.0625 0.03125 0.041666666666666664
2 0.4890625 0.04583333333333333 0.03125 0.0375
2 0.4078125 0.2916666666666667 0.0875 0.11666666666666667
5 0.5921875 0.022916666666666665 0.03125 0.04583333333333333
2 0.5640625 0.14166666666666666 0.0390625 0.05416666666666667
2 0.5984375 0.07291666666666667 0.0265625 0.041666666666666664
2 0.46875 0.06875 0.0375 0.04583333333333333
2 0.4390625 0.09375 0.0390625 0.05
2 0.1875 0.18958333333333333 0.103125 0.11458333333333333
