2 0.4953125 0.0125 0.0203125 0.027083333333333334
6 0.1484375 0.17083333333333334 0.284375 0.21875
2 0.8703125 0.8625 0.259375 0.26875
2 0.2515625 0.03125 0.0390625 0.03333333333333333
0 0.8390625 0.275 0.025 0.07916666666666666
2 0.4890625 0.04583333333333333 0.03125 0.0375
2 0.5859375 0.0125 0.01875 0.027083333333333334
2 0.5625 0.041666666666666664 0.0234375 0.03333333333333333
2 0.4453125 0.04583333333333333 0.034375 0.041666666666666664
2 0.3265625 0.3729166666666667 0.1171875 0.15625
2 0.46875 0.06875 0.0375 0.04583333333333333
2 0.4390625 0.09166666666666666 0.0390625 0.04583333333333333
2 0.4796875 0.15208333333333332 0.0640625 0.11666666666666667
2 0.36875 0.06875 0.0390625 0.0375
2 0.4703125 0.34791666666666665 0.0984375 0.16666666666666666
2 0.565625 0.13541666666666666 0.0390625 0.05416666666666667
2 0.3578125 0.10416666666666667 0.046875 0.05416666666666667
