0 0.8109375 0.2520833333333333 0.01875 0.07083333333333333
2 0.4421875 0.03333333333333333 0.0453125 0.06875
2 0.5765625 0.016666666666666666 0.0203125 0.03125
2 0.61875 0.01875 0.0203125 0.03125
2 0.2515625 0.03125 0.0421875 0.0375
2 0.125 0.2520833333333333 0.109375 0.10833333333333334
2 0.2 0.08541666666666667 0.0703125 0.041666666666666664
2 0.390625 0.30625 0.1 0.12291666666666666
2 0.5859375 0.11041666666666666 0.034375 0.05
2 0.6078125 0.05 0.025 0.0375
2 0.1453125 0.6583333333333333 0.2125 0.2708333333333333
2 0.3359375 0.11875 0.053125 0.05416666666666667
