0 0.078125 0.14583333333333334 0.01875 0.06875
2 0.2515625 0.03125 0.0390625 0.03333333333333333
2 0.3859375 0.07916666666666666 0.0375 0.05416666666666667
2 0.0390625 0.31666666666666665 0.0796875 0.17708333333333334
2 0.3828125 0.05 0.05 0.06666666666666667
2 0.371875 0.3104166666666667 0.103125 0.14375
2 0.2234375 0.15 0.078125 0.06875
2 0.5953125 0.0125 0.0203125 0.025
2 0.4328125 0.03333333333333333 0.03125 0.03333333333333333
5 0.43125 0.0875 0.0625 0.08541666666666667
2 0.2625 0.16666666666666666 0.075 0.075
2 0.5125 0.11666666666666667 0.0421875 0.05416666666666667
