1 0.203125 0.1125 0.0265625 0.05416666666666667
5 0.4234375 0.09791666666666667 0.0390625 0.05416666666666667
2 0.6140625 0.04375 0.0234375 0.03125
5 0.621875 0.014583333333333334 0.0265625 0.03125
5 0.365625 0.04791666666666667 0.0390625 0.07916666666666666
2 0.45625 0.07708333333333334 0.0375 0.04583333333333333
2 0.2515625 0.03125 0.0390625 0.03333333333333333
2 0.584375 0.11666666666666667 0.0375 0.05
2 0.6046875 0.075 0.028125 0.041666666666666664
6 0.3796875 0.041666666666666664 0.06875 0.08541666666666667
2 0.55 0.22083333333333333 0.05 0.09375
2 0.484375 0.05416666666666667 0.03125 0.0375
