2 0.21875 0.15 0.0703125 0.06666666666666667
2 0.4625 0.03333333333333333 0.0265625 0.03333333333333333
2 0.421875 0.0625 0.03125 0.041666666666666664
2 0.59375 0.010416666666666666 0.01875 0.020833333333333332
2 0.4546875 0.016666666666666666 0.0234375 0.03125
2 0.4296875 0.03125 0.034375 0.041666666666666664
2 0.4859375 0.016666666666666666 0.0265625 0.03125
2 0.4390625 0.08333333333333333 0.0421875 0.05416666666666667
2 0.50625 0.0125 0.0203125 0.025
2 0.3859375 0.058333333333333334 0.034375 0.041666666666666664
2 0.6125 0.0375 0.025 0.03333333333333333
2 0.4703125 0.05416666666666667 0.0421875 0.05416666666666667
2 0.371875 0.09791666666666667 0.05 0.05416666666666667
2 0.31875 0.09375 0.046875 0.05
