2 0.1828125 0.9458333333333333 0.2234375 0.10208333333333333
5 0.4234375 0.09791666666666667 0.0390625 0.05416666666666667
2 0.4546875 0.07708333333333334 0.0390625 0.05
2 0.4640625 0.3645833333333333 0.0953125 0.14166666666666666
2 0.2515625 0.03125 0.0390625 0.0375
2 0.584375 0.022916666666666665 0.0203125 0.03125
2 0.5796875 0.13333333333333333 0.0390625 0.05416666666666667
5 0.621875 0.014583333333333334 0.0265625 0.03125
2 0.5546875 0.06666666666666667 0.028125 0.041666666666666664
2 0.4890625 0.05 0.028125 0.0375
