2 0.0296875 0.3229166666666667 0.0609375 0.20625
2 0.515625 0.00625 0.0234375 0.014583333333333334
2 0.5890625 0.010416666666666666 0.0171875 0.020833333333333332
2 0.4921875 0.016666666666666666 0.028125 0.03333333333333333
2 0.2796875 0.10625 0.0578125 0.06875
2 0.55 0.07083333333333333 0.03125 0.041666666666666664
2 0.421875 0.25 0.0703125 0.09791666666666667
5 0.0421875 0.20416666666666666 0.0859375 0.1875
6 0.0953125 0.16875 0.184375 0.21666666666666667
2 0.3 0.13541666666666666 0.078125 0.09166666666666666
