6 0.359375 0.05625 0.084375 0.07708333333333334
2 0.4125 0.06875 0.0421875 0.05
2 0.00625 0.14375 0.0125 0.05416666666666667
0 0.6296875 0.15833333333333333 0.0203125 0.05416666666666667
4 0.16875 0.06458333333333334 0.203125 0.10833333333333334
5 0.309375 0.08333333333333333 0.046875 0.07708333333333334
2 0.2171875 0.19166666666666668 0.0875 0.0625
2 0.5203125 0.13958333333333334 0.0421875 0.058333333333333334
2 0.559375 0.25833333333333336 0.1140625 0.07916666666666666
6 0.834375 0.2125 0.3171875 0.24583333333333332
2 0.3578125 0.10833333333333334 0.05 0.05
