0 0.665625 0.14166666666666666 0.0125 0.05416666666666667
5 0.31875 0.075 0.0578125 0.0875
2 0.428125 0.09583333333333334 0.0390625 0.05416666666666667
2 0.5140625 0.008333333333333333 0.0234375 0.016666666666666666
2 0.4640625 0.035416666666666666 0.028125 0.03333333333333333
2 0.2515625 0.03125 0.0390625 0.03333333333333333
2 0.49375 0.014583333333333334 0.0265625 0.03125
0 0.7625 0.16041666666666668 0.0203125 0.05416666666666667
2 0.7328125 0.2375 0.1109375 0.07083333333333333
2 0.559375 0.0625 0.028125 0.0375
2 0.5875 0.15416666666666667 0.0546875 0.0625
2 0.3765625 0.09166666666666666 0.0421875 0.05
