2 0.4140625 0.07083333333333333 0.046875 0.04583333333333333
2 0.45 0.075 0.034375 0.05
6 0.0421875 0.2875 0.0859375 0.24791666666666667
2 0.20625 0.5916666666666667 0.1953125 0.25
2 0.2515625 0.03125 0.0390625 0.03333333333333333
2 0.4265625 0.25 0.071875 0.09166666666666666
2 0.546875 0.07708333333333334 0.03125 0.041666666666666664
2 0.125 0.19375 0.1015625 0.0875
2 0.30625 0.1 0.0421875 0.05
2 0.49375 0.14375 0.0421875 0.058333333333333334
2 0.2609375 0.15416666666666667 0.084375 0.09791666666666667
