2 0.44375 0.04583333333333333 0.03125 0.0375
0 0.5953125 0.15416666666666667 0.0203125 0.058333333333333334
2 0.4109375 0.06875 0.0453125 0.05
2 0.0984375 0.17291666666666666 0.090625 0.06875
5 0.3078125 0.08333333333333333 0.0453125 0.07708333333333334
4 0.2046875 0.06041666666666667 0.1734375 0.10625
2 0.390625 0.22083333333333333 0.109375 0.06875
6 0.9015625 0.22083333333333333 0.1875 0.24583333333333332
2 0.5484375 0.175 0.0765625 0.075
2 0.8046875 0.30625 0.1375 0.09375
2 0.35625 0.10833333333333334 0.053125 0.05
