2 0.4125 0.06875 0.0421875 0.04583333333333333
2 0.2515625 0.03125 0.0390625 0.03333333333333333
2 0.328125 0.20833333333333334 0.10625 0.07708333333333334
2 0.6265625 0.17083333333333334 0.0640625 0.06875
2 0.45625 0.041666666666666664 0.03125 0.03333333333333333
5 0.309375 0.08333333333333333 0.046875 0.07708333333333334
2 0.5578125 0.08541666666666667 0.03125 0.04583333333333333
2 0.9140625 0.275 0.140625 0.07916666666666666
2 0.678125 0.275 0.15 0.08541666666666667
2 0.3578125 0.10833333333333334 0.05 0.05
