2 0.425 0.09375 0.0421875 0.058333333333333334
2 0.2515625 0.03333333333333333 0.0390625 0.0375
2 0.4859375 0.31666666666666665 0.071875 0.10833333333333334
2 0.0546875 0.8458333333333333 0.109375 0.275
2 0.4625 0.035416666666666666 0.0375 0.04583333333333333
2 0.315625 0.38333333333333336 0.1328125 0.17291666666666666
2 0.471875 0.17916666666666667 0.05 0.06875
2 0.234375 0.07916666666666666 0.0578125 0.04583333333333333
2 0.3484375 0.08125 0.046875 0.04583333333333333
2 0.3203125 0.13333333333333333 0.0625 0.0625
2 0.134375 0.19166666666666668 0.0984375 0.09375
2 0.215625 0.20625 0.090625 0.08333333333333333
