2 0.5015625 0.0125 0.0203125 0.025
2 0.1859375 0.17083333333333334 0.0796875 0.07083333333333333
2 0.421875 0.09583333333333334 0.046875 0.058333333333333334
2 0.4390625 0.42083333333333334 0.1015625 0.16041666666666668
2 0.478125 0.025 0.0265625 0.03333333333333333
2 0.4546875 0.075 0.034375 0.04583333333333333
2 0.5078125 0.03333333333333333 0.0265625 0.03333333333333333
2 0.2265625 0.53125 0.153125 0.20625
2 0.4875 0.05 0.03125 0.0375
2 0.5296875 0.016666666666666666 0.034375 0.03333333333333333
2 0.1796875 0.21875 0.1078125 0.10833333333333334
2 0.2765625 0.12291666666666666 0.0578125 0.058333333333333334
2 0.378125 0.09166666666666666 0.046875 0.05
