2 0.2546875 0.39166666666666666 0.2359375 0.2
5 0.421875 0.09791666666666667 0.05 0.06666666666666667
6 0.8859375 0.3020833333333333 0.21875 0.3104166666666667
2 0.2515625 0.03125 0.0390625 0.03333333333333333
2 0.4953125 0.014583333333333334 0.0265625 0.029166666666666667
2 0.4515625 0.020833333333333332 0.0265625 0.029166666666666667
2 0.53125 0.14375 0.0578125 0.0625
2 0.453125 0.07083333333333333 0.0390625 0.04583333333333333
5 0.753125 0.2791666666666667 0.121875 0.25
2 0.328125 0.09166666666666666 0.046875 0.05
2 0.565625 0.06875 0.028125 0.0375
