2 0.40625 0.07083333333333333 0.05 0.058333333333333334
2 0.2515625 0.03125 0.0390625 0.03333333333333333
5 0.425 0.09166666666666666 0.0453125 0.0625
2 0.5109375 0.27708333333333335 0.071875 0.10208333333333333
2 0.5734375 0.125 0.0375 0.05
2 0.4109375 0.25416666666666665 0.075 0.09166666666666666
2 0.2 0.5666666666666667 0.1734375 0.22291666666666668
2 0.553125 0.0625 0.0265625 0.041666666666666664
2 0.4828125 0.020833333333333332 0.0265625 0.03125
2 0.4875 0.15208333333333332 0.053125 0.075
2 0.0265625 0.09166666666666666 0.0546875 0.04583333333333333
2 0.203125 0.15833333333333333 0.0796875 0.07916666666666666
2 0.0921875 0.2791666666666667 0.134375 0.125
