0 0.5203125 0.13958333333333334 0.0125 0.04583333333333333
2 0.38125 0.09166666666666666 0.0390625 0.04583333333333333
6 0.3390625 0.058333333333333334 0.0953125 0.11666666666666667
2 0.2515625 0.027083333333333334 0.0390625 0.03125
2 0.4984375 0.0125 0.0234375 0.027083333333333334
2 0.0625 0.16666666666666666 0.084375 0.0625
2 0.3640625 0.20416666666666666 0.109375 0.07708333333333334
2 0.4796875 0.025 0.0265625 0.03333333333333333
2 0.7546875 0.28958333333333336 0.1484375 0.09166666666666666
2 0.671875 0.22291666666666668 0.1140625 0.07708333333333334
