2 0.3703125 0.06041666666666667 0.0390625 0.041666666666666664
5 0.415625 0.10208333333333333 0.05 0.06666666666666667
6 0.9140625 0.21666666666666667 0.16875 0.23125
5 0.6078125 0.03125 0.034375 0.0625
2 0.440625 0.041666666666666664 0.0375 0.041666666666666664
2 0.4546875 0.075 0.0375 0.04583333333333333
2 0.459375 0.016666666666666666 0.0265625 0.027083333333333334
2 0.3765625 0.0875 0.05 0.06666666666666667
2 0.184375 0.17708333333333334 0.115625 0.08541666666666667
2 0.6046875 0.14791666666666667 0.0546875 0.0625
5 0.8140625 0.20416666666666666 0.103125 0.1875
2 0.328125 0.09166666666666666 0.05 0.05
