2 0.39375 0.04791666666666667 0.0265625 0.03125
2 0.425 0.029166666666666667 0.034375 0.0375
5 0.459375 0.029166666666666667 0.046875 0.058333333333333334
2 0.2515625 0.03125 0.0390625 0.03333333333333333
2 0.4921875 0.016666666666666666 0.028125 0.03333333333333333
2 0.60625 0.15625 0.0578125 0.06666666666666667
2 0.3625 0.06875 0.0390625 0.04583333333333333
2 0.7578125 0.23958333333333334 0.121875 0.075
2 0.221875 0.18958333333333333 0.1015625 0.07708333333333334
2 0.3140625 0.09583333333333334 0.053125 0.05416666666666667
2 0.378125 0.0875 0.0453125 0.05416666666666667
5 0.96875 0.2375 0.0578125 0.19583333333333333
