2 0.4890625 0.004166666666666667 0.0234375 0.010416666666666666
0 0.184375 0.10833333333333334 0.0171875 0.05
2 0.2515625 0.03125 0.0390625 0.03333333333333333
2 0.396875 0.04791666666666667 0.0390625 0.04583333333333333
2 0.00625 0.15 0.0125 0.041666666666666664
5 0.4390625 0.08333333333333333 0.0421875 0.058333333333333334
0 0.85 0.3145833333333333 0.0265625 0.08541666666666667
2 0.0609375 0.49166666666666664 0.1234375 0.275
2 0.571875 0.03125 0.0203125 0.029166666666666667
2 0.35625 0.36666666666666664 0.1140625 0.15416666666666667
2 0.4 0.07083333333333333 0.0421875 0.05
2 0.4734375 0.05416666666666667 0.0375 0.05416666666666667
2 0.496875 0.14791666666666667 0.05 0.0625
2 0.1078125 0.23958333333333334 0.0625 0.07916666666666666
2 0.540625 0.08541666666666667 0.034375 0.041666666666666664
