0 0.1609375 0.06875 0.0125 0.041666666666666664
2 0.50625 0.0125 0.0203125 0.020833333333333332
2 0.4375 0.025 0.0265625 0.0375
5 0.4859375 0.020833333333333332 0.034375 0.0375
2 0.434375 0.04791666666666667 0.03125 0.0375
2 0.2515625 0.03125 0.0390625 0.03333333333333333
2 0.4296875 0.09375 0.046875 0.058333333333333334
6 0.3515625 0.05 0.078125 0.1
5 0.3296875 0.0625 0.0421875 0.08541666666666667
2 0.984375 0.39166666666666666 0.03125 0.09375
2 0.4625 0.03333333333333333 0.0265625 0.03333333333333333
2 0.6921875 0.21666666666666667 0.1078125 0.07708333333333334
2 0.534375 0.125 0.0375 0.058333333333333334
2 0.0375 0.15 0.0703125 0.058333333333333334
2 0.93125 0.27291666666666664 0.1296875 0.1
