2 0.615625 0.016666666666666666 0.0203125 0.03333333333333333
2 0.51875 0.022916666666666665 0.03125 0.04583333333333333
2 0.475 0.020833333333333332 0.03125 0.041666666666666664
6 0.2859375 0.07916666666666666 0.109375 0.12916666666666668
5 0.1265625 0.15208333333333332 0.090625 0.14375
2 0.4390625 0.09166666666666666 0.0390625 0.05
5 0.5171875 0.2125 0.103125 0.22916666666666666
6 0.2078125 0.10833333333333334 0.140625 0.17291666666666666
2 0.490625 0.04583333333333333 0.028125 0.0375
2 0.5796875 0.014583333333333334 0.0203125 0.029166666666666667
2 0.4671875 0.06875 0.034375 0.04583333333333333
2 0.55 0.06875 0.03125 0.041666666666666664
2 0.378125 0.5625 0.1453125 0.24791666666666667
2 0.228125 0.18541666666666667 0.084375 0.08541666666666667
