2 0.38125 0.09375 0.0390625 0.04583333333333333
0 0.6984375 0.12916666666666668 0.01875 0.058333333333333334
0 0.79375 0.17916666666666667 0.0203125 0.058333333333333334
2 0.5 0.0125 0.025 0.027083333333333334
2 0.2515625 0.027083333333333334 0.0390625 0.03125
6 0.340625 0.05625 0.0984375 0.11458333333333333
2 0.690625 0.2791666666666667 0.140625 0.08541666666666667
2 0.21875 0.1875 0.1015625 0.06666666666666667
2 0.5171875 0.125 0.03125 0.05416666666666667
2 0.0125 0.1375 0.025 0.05416666666666667
