0 0.8078125 0.24166666666666667 0.015625 0.06875
2 0.6234375 0.014583333333333334 0.01875 0.025
0 0.784375 0.24166666666666667 0.015625 0.0625
2 0.584375 0.0125 0.01875 0.025
2 0.4296875 0.03958333333333333 0.0421875 0.06875
2 0.2515625 0.03125 0.0390625 0.03333333333333333
2 0.2609375 0.4895833333333333 0.1453125 0.19791666666666666
2 0.4296875 0.25 0.0828125 0.09791666666666667
2 0.6125 0.0375 0.025 0.03333333333333333
2 0.596875 0.0875 0.03125 0.04583333333333333
2 0.153125 0.0875 0.075 0.04583333333333333
2 0.2984375 0.14166666666666666 0.0609375 0.0625
