5 0.4796875 0.010416666666666666 0.0375 0.022916666666666665
5 0.4234375 0.09791666666666667 0.0390625 0.05416666666666667
2 0.45625 0.07708333333333334 0.0375 0.05
5 0.621875 0.014583333333333334 0.0265625 0.03125
2 0.5609375 0.17708333333333334 0.05 0.06666666666666667
2 0.2515625 0.03125 0.0390625 0.03333333333333333
2 0.4796875 0.36875 0.0859375 0.12916666666666668
2 0.5734375 0.03125 0.025 0.03125
2 0.6015625 0.08333333333333333 0.028125 0.041666666666666664
2 0.4875 0.05416666666666667 0.03125 0.041666666666666664
