4 0.4703125 0.16666666666666666 0.0703125 0.125
0 0.840625 0.2791666666666667 0.0203125 0.07916666666666666
2 0.4984375 0.0125 0.0203125 0.025
2 0.8359375 0.875 0.328125 0.24583333333333332
2 0.2515625 0.03125 0.0390625 0.0375
2 0.51875 0.022916666666666665 0.03125 0.04583333333333333
2 0.559375 0.04791666666666667 0.0234375 0.03333333333333333
2 0.490625 0.04583333333333333 0.028125 0.0375
2 0.5828125 0.01875 0.01875 0.029166666666666667
2 0.559375 0.15208333333333332 0.0390625 0.058333333333333334
2 0.4515625 0.39375 0.109375 0.18958333333333333
2 0.4484375 0.041666666666666664 0.034375 0.041666666666666664
2 0.3765625 0.06458333333333334 0.0390625 0.0375
2 0.46875 0.06875 0.034375 0.04583333333333333
2 0.2921875 0.42291666666666666 0.1375 0.18541666666666667
2 0.36875 0.09791666666666667 0.0453125 0.05416666666666667
2 0.4390625 0.09166666666666666 0.0390625 0.04583333333333333
