2 0.3921875 0.04791666666666667 0.0265625 0.03125
6 0.9296875 0.31875 0.1375 0.3020833333333333
2 0.425 0.029166666666666667 0.034375 0.0375
5 0.4578125 0.029166666666666667 0.05 0.058333333333333334
2 0.4921875 0.016666666666666666 0.028125 0.03333333333333333
2 0.2515625 0.03125 0.0390625 0.03333333333333333
5 0.7796875 0.19791666666666666 0.1171875 0.18125
2 0.609375 0.05 0.025 0.03333333333333333
6 0.890625 0.23125 0.215625 0.28125
2 0.5734375 0.13541666666666666 0.046875 0.05416666666666667
2 0.3609375 0.06875 0.0390625 0.041666666666666664
5 0.84375 0.3 0.1375 0.24583333333333332
2 0.4265625 0.4083333333333333 0.1890625 0.14166666666666666
2 0.3140625 0.09583333333333334 0.053125 0.05416666666666667
2 0.378125 0.0875 0.0453125 0.05416666666666667
