0 0.203125 0.11041666666666666 0.0171875 0.058333333333333334
5 0.5953125 0.016666666666666666 0.0265625 0.03333333333333333
2 0.2515625 0.03125 0.0390625 0.03333333333333333
2 0.471875 0.19166666666666668 0.0609375 0.07916666666666666
2 0.58125 0.10833333333333334 0.03125 0.05
2 0.490625 0.04583333333333333 0.028125 0.0375
2 0.475 0.027083333333333334 0.0265625 0.03333333333333333
2 0.4671875 0.06875 0.034375 0.04583333333333333
2 0.6078125 0.052083333333333336 0.025 0.0375
2 0.4390625 0.09166666666666666 0.0390625 0.05
2 0.06875 0.26666666666666666 0.1375 0.15416666666666667
2 0.38125 0.08541666666666667 0.0390625 0.04583333333333333
2 0.1328125 0.6729166666666667 0.2390625 0.31666666666666665
