2 0.5 0.0125 0.025 0.025
2 0.2515625 0.03125 0.0390625 0.03333333333333333
2 0.409375 0.07083333333333333 0.0390625 0.04583333333333333
2 0.428125 0.09375 0.0453125 0.058333333333333334
2 0.1515625 0.6666666666666666 0.2390625 0.325
2 0.3953125 0.05 0.034375 0.04583333333333333
2 0.4625 0.07083333333333333 0.034375 0.04583333333333333
5 0.1421875 0.14791666666666667 0.06875 0.125
6 0.1875 0.12291666666666666 0.1375 0.15625
2 0.15625 0.23541666666666666 0.1 0.1
2 0.484375 0.175 0.05 0.06666666666666667
2 0.5 0.0375 0.03125 0.04583333333333333
2 0.284375 0.14791666666666667 0.06875 0.07083333333333333
2 0.3328125 0.08541666666666667 0.046875 0.04583333333333333
