2 0.521875 0.00625 0.01875 0.0125
2 0.425 0.09375 0.0453125 0.058333333333333334
2 0.1671875 0.90625 0.2609375 0.17708333333333334
2 0.2515625 0.03125 0.0390625 0.03333333333333333
2 0.0875 0.775 0.1765625 0.36875
2 0.4984375 0.28541666666666665 0.0671875 0.1
2 0.1890625 0.22291666666666668 0.1 0.09375
2 0.484375 0.1625 0.046875 0.06875
2 0.2109375 0.08333333333333333 0.0640625 0.04583333333333333
2 0.346875 0.3458333333333333 0.115625 0.15416666666666667
2 0.1046875 0.20625 0.1078125 0.10208333333333333
2 0.303125 0.14166666666666666 0.0671875 0.0625
2 0.4578125 0.0375 0.0375 0.05
2 0.3390625 0.08541666666666667 0.05 0.05416666666666667
