5 0.3859375 0.041666666666666664 0.034375 0.06666666666666667
6 0.4484375 0.03333333333333333 0.053125 0.06666666666666667
2 0.5015625 0.014583333333333334 0.0265625 0.029166666666666667
5 0.4375 0.0375 0.034375 0.058333333333333334
2 0.3203125 0.39166666666666666 0.1109375 0.15416666666666667
2 0.3171875 0.09166666666666666 0.05 0.0625
2 0.584375 0.022916666666666665 0.01875 0.029166666666666667
2 0.521875 0.1125 0.0390625 0.04583333333333333
6 0.175 0.12708333333333333 0.1484375 0.175
2 0.3546875 0.1 0.0625 0.07708333333333334
2 0.134375 0.22083333333333333 0.15 0.17291666666666666
