2 0.3953125 0.05 0.028125 0.03333333333333333
2 0.425 0.029166666666666667 0.034375 0.0375
2 0.315625 0.09375 0.05 0.05
2 0.3828125 0.08541666666666667 0.046875 0.04583333333333333
5 0.4578125 0.029166666666666667 0.05 0.058333333333333334
2 0.2515625 0.03125 0.0390625 0.03333333333333333
2 0.4921875 0.016666666666666666 0.03125 0.03333333333333333
2 0.3625 0.06875 0.0390625 0.041666666666666664
2 0.8109375 0.2520833333333333 0.1296875 0.07708333333333334
4 0.428125 0.18958333333333333 0.3 0.18333333333333332
