2 0.5921875 0.00625 0.0171875 0.014583333333333334
2 0.371875 0.08958333333333333 0.0546875 0.07083333333333333
5 0.371875 0.08958333333333333 0.0546875 0.07083333333333333
5 0.1671875 0.1375 0.0703125 0.14166666666666666
6 0.2109375 0.10833333333333334 0.1375 0.15416666666666667
2 0.578125 0.029166666666666667 0.01875 0.03125
2 0.3296875 0.08333333333333333 0.0453125 0.058333333333333334
2 0.5046875 0.13958333333333334 0.0421875 0.05416666666666667
2 0.2015625 0.18541666666666667 0.1234375 0.14166666666666666
2 0.228125 0.5145833333333333 0.153125 0.2125
