0 0.109375 0.10833333333333334 0.015625 0.05
0 0.203125 0.10833333333333334 0.015625 0.05416666666666667
2 0.503125 0.010416666666666666 0.01875 0.022916666666666665
2 0.51875 0.022916666666666665 0.03125 0.04583333333333333
2 0.034375 0.27708333333333335 0.0703125 0.23958333333333334
2 0.2515625 0.03125 0.0390625 0.03333333333333333
2 0.4390625 0.05 0.034375 0.0375
2 0.4890625 0.04583333333333333 0.03125 0.0375
2 0.3296875 0.39791666666666664 0.1265625 0.17291666666666666
2 0.553125 0.17083333333333334 0.0453125 0.0625
5 0.5890625 0.029166666666666667 0.034375 0.05416666666666667
2 0.4390625 0.09375 0.0390625 0.05
2 0.46875 0.06875 0.0375 0.04583333333333333
2 0.59375 0.0875 0.03125 0.04583333333333333
2 0.24375 0.15625 0.0859375 0.1
