5 0.415625 0.10208333333333333 0.046875 0.0625
5 0.5921875 0.07708333333333334 0.053125 0.11875
2 0.371875 0.06041666666666667 0.0390625 0.041666666666666664
2 0.815625 0.25 0.10625 0.08333333333333333
2 0.4375 0.04583333333333333 0.0390625 0.04583333333333333
2 0.3765625 0.08541666666666667 0.05 0.06875
2 0.4609375 0.016666666666666666 0.025 0.027083333333333334
4 0.0984375 0.14375 0.196875 0.14375
2 0.4671875 0.06458333333333334 0.034375 0.041666666666666664
2 0.7234375 0.2791666666666667 0.1640625 0.11041666666666666
2 0.328125 0.09166666666666666 0.05 0.05
