2 0.490625 0.008333333333333333 0.0203125 0.016666666666666666
2 0.509375 0.008333333333333333 0.0203125 0.016666666666666666
2 0.2515625 0.03125 0.0390625 0.0375
2 0.446875 0.2375 0.075 0.09375
2 0.4953125 0.041666666666666664 0.034375 0.04583333333333333
2 0.4296875 0.041666666666666664 0.0453125 0.0625
2 0.478125 0.027083333333333334 0.028125 0.0375
2 0.4625 0.07083333333333333 0.034375 0.04583333333333333
6 0.0640625 0.2 0.1296875 0.22291666666666668
2 0.0859375 0.7895833333333333 0.1734375 0.38125
2 0.428125 0.09375 0.0453125 0.058333333333333334
2 0.33125 0.08541666666666667 0.046875 0.058333333333333334
2 0.0671875 0.28541666666666665 0.1296875 0.12916666666666668
2 0.2578125 0.12708333333333333 0.0625 0.0625
2 0.553125 0.07083333333333333 0.03125 0.041666666666666664
2 0.3484375 0.11458333333333333 0.046875 0.05416666666666667
