0 0.1640625 0.10625 0.015625 0.05
2 0.5921875 0.008333333333333333 0.0171875 0.016666666666666666
2 0.253125 0.03125 0.0375 0.03333333333333333
2 0.421875 0.06666666666666667 0.03125 0.04583333333333333
2 0.4625 0.035416666666666666 0.028125 0.03333333333333333
2 0.453125 0.020833333333333332 0.0265625 0.03333333333333333
2 0.4265625 0.03333333333333333 0.034375 0.04583333333333333
2 0.4375 0.08333333333333333 0.0453125 0.05416666666666667
2 0.4859375 0.016666666666666666 0.0265625 0.03125
2 0.6109375 0.03125 0.0203125 0.03333333333333333
2 0.5046875 0.0125 0.0234375 0.025
2 0.471875 0.05416666666666667 0.0390625 0.05416666666666667
2 0.3609375 0.10625 0.053125 0.05416666666666667
2 0.3796875 0.0625 0.0375 0.041666666666666664
2 0.30625 0.10208333333333333 0.05 0.05
