0 0.9625 0.18958333333333333 0.0203125 0.075
2 0.0125 0.34375 0.025 0.06875
2 0.428125 0.05416666666666667 0.0390625 0.05416666666666667
2 0.2515625 0.03125 0.0390625 0.03333333333333333
2 0.45625 0.4 0.10625 0.17083333333333334
2 0.4546875 0.19583333333333333 0.0640625 0.08541666666666667
2 0.4953125 0.014583333333333334 0.0203125 0.029166666666666667
2 0.534375 0.09166666666666666 0.03125 0.05
2 0.34375 0.34791666666666665 0.10625 0.12916666666666668
2 0.1859375 0.21875 0.0984375 0.1
2 0.0796875 0.09375 0.078125 0.04583333333333333
2 0.55625 0.1625 0.0421875 0.058333333333333334
2 0.265625 0.125 0.06875 0.06875
