2 0.509375 0.010416666666666666 0.0203125 0.020833333333333332
2 0.4328125 0.0875 0.0421875 0.05
2 0.4421875 0.025 0.028125 0.0375
2 0.553125 0.06458333333333334 0.0265625 0.03333333333333333
2 0.465625 0.06458333333333334 0.0390625 0.04583333333333333
2 0.475 0.027083333333333334 0.028125 0.03125
2 0.575 0.027083333333333334 0.0234375 0.03333333333333333
2 0.35 0.09791666666666667 0.0609375 0.06875
2 0.3484375 0.6125 0.1796875 0.30416666666666664
2 0.1859375 0.1625 0.0859375 0.0875
2 0.2765625 0.15 0.0765625 0.07916666666666666
4 0.4515625 0.16041666666666668 0.2390625 0.18541666666666667
