0 0.2015625 0.1125 0.01875 0.05416666666666667
0 0.834375 0.24375 0.01875 0.07708333333333334
2 0.4 0.075 0.0390625 0.05
2 0.5859375 0.010416666666666666 0.01875 0.020833333333333332
2 0.078125 0.8125 0.15625 0.34375
2 0.490625 0.04583333333333333 0.028125 0.0375
2 0.2515625 0.03125 0.0390625 0.0375
2 0.4703125 0.029166666666666667 0.028125 0.03333333333333333
2 0.46875 0.06875 0.034375 0.04583333333333333
2 0.5515625 0.17291666666666666 0.0546875 0.0875
2 0.5890625 0.06458333333333334 0.0265625 0.0375
2 0.4625 0.18541666666666667 0.0578125 0.07916666666666666
2 0.5328125 0.075 0.0421875 0.07916666666666666
2 0.2359375 0.18333333333333332 0.078125 0.07916666666666666
2 0.4390625 0.09375 0.0390625 0.05
2 0.303125 0.10833333333333334 0.0546875 0.05416666666666667
