0 0.0375 0.07291666666666667 0.015625 0.04583333333333333
5 0.51875 0.025 0.03125 0.04583333333333333
2 0.490625 0.04583333333333333 0.028125 0.0375
2 0.2515625 0.03125 0.0390625 0.03333333333333333
2 0.4859375 0.016666666666666666 0.0265625 0.03125
2 0.6234375 0.014583333333333334 0.01875 0.029166666666666667
2 0.4765625 0.1875 0.0578125 0.075
2 0.6046875 0.04583333333333333 0.025 0.0375
2 0.546875 0.07708333333333334 0.034375 0.04583333333333333
2 0.4671875 0.06875 0.034375 0.04583333333333333
2 0.4390625 0.09166666666666666 0.0390625 0.05
2 0.396875 0.07708333333333334 0.0421875 0.04583333333333333
2 0.2375 0.175 0.0796875 0.07708333333333334
