2 0.0828125 0.2791666666666667 0.153125 0.14375
2 0.4234375 0.09791666666666667 0.046875 0.058333333333333334
6 0.4015625 0.03958333333333333 0.1015625 0.07916666666666666
2 0.4984375 0.0125 0.0234375 0.027083333333333334
2 0.45625 0.075 0.0375 0.04583333333333333
2 0.1171875 0.6770833333333334 0.2265625 0.2875
2 0.3265625 0.3875 0.1015625 0.14166666666666666
5 0.371875 0.03958333333333333 0.046875 0.07916666666666666
2 0.1296875 0.19791666666666666 0.0875 0.07708333333333334
2 0.4984375 0.29791666666666666 0.0703125 0.1
2 0.471875 0.029166666666666667 0.028125 0.03333333333333333
2 0.53125 0.016666666666666666 0.03125 0.03333333333333333
2 0.4875 0.05 0.03125 0.0375
2 0.509375 0.03333333333333333 0.0265625 0.03333333333333333
2 0.2390625 0.14375 0.0703125 0.06666666666666667
2 0.353125 0.10833333333333334 0.053125 0.058333333333333334
