0 0.6828125 0.13958333333333334 0.0125 0.05416666666666667
2 0.465625 0.03333333333333333 0.03125 0.03333333333333333
2 0.44375 0.04583333333333333 0.0390625 0.05
5 0.4296875 0.0875 0.0640625 0.08541666666666667
2 0.2515625 0.03125 0.0390625 0.03333333333333333
2 0.36875 0.0625 0.0421875 0.05
2 0.378125 0.09375 0.0390625 0.04583333333333333
2 0.3296875 0.09166666666666666 0.0421875 0.05
2 0.490625 0.016666666666666666 0.03125 0.03333333333333333
2 0.546875 0.08541666666666667 0.034375 0.05
4 0.1328125 0.20833333333333334 0.265625 0.175
