1 0.203125 0.1125 0.0265625 0.05416666666666667
2 0.45625 0.075 0.034375 0.04583333333333333
2 0.4234375 0.09791666666666667 0.0390625 0.05416666666666667
2 0.5078125 0.010416666666666666 0.0234375 0.020833333333333332
2 0.4609375 0.035416666666666666 0.034375 0.041666666666666664
6 0.3796875 0.0375 0.06875 0.07708333333333334
2 0.2515625 0.03125 0.0390625 0.03333333333333333
2 0.5625 0.041666666666666664 0.0234375 0.03333333333333333
2 0.440625 0.025 0.03125 0.0375
5 0.3625 0.04583333333333333 0.0421875 0.08333333333333333
2 0.540625 0.07708333333333334 0.03125 0.04583333333333333
2 0.3828125 0.3104166666666667 0.0859375 0.11875
2 0.4859375 0.15416666666666667 0.046875 0.06875
2 0.38125 0.0875 0.0421875 0.05
2 0.0953125 0.21458333333333332 0.103125 0.09791666666666667
2 0.18125 0.21875 0.09375 0.09375
5 0.621875 0.016666666666666666 0.0265625 0.03333333333333333
