0 0.1015625 0.0875 0.015625 0.04583333333333333
0 0.8453125 0.20833333333333334 0.0203125 0.075
6 0.328125 0.6020833333333333 0.30625 0.6354166666666666
0 0.2015625 0.11041666666666666 0.0203125 0.058333333333333334
5 0.4703125 0.025 0.0421875 0.05
2 0.4890625 0.04583333333333333 0.03125 0.0375
2 0.603125 0.05 0.0265625 0.05
6 0.3484375 0.058333333333333334 0.11875 0.11666666666666667
2 0.253125 0.03125 0.0375 0.03333333333333333
2 0.46875 0.06875 0.0375 0.04583333333333333
2 0.034375 0.26875 0.06875 0.11875
2 0.4390625 0.09166666666666666 0.0390625 0.05
5 0.29375 0.07708333333333334 0.0671875 0.10625
2 0.4921875 0.15625 0.053125 0.075
2 0.3703125 0.09375 0.046875 0.058333333333333334
2 0.55625 0.05 0.0265625 0.041666666666666664
2 0.153125 0.23333333333333334 0.10625 0.11666666666666667
