2 0.4234375 0.09791666666666667 0.0390625 0.05416666666666667
2 0.4265625 0.058333333333333334 0.0375 0.041666666666666664
5 0.159375 0.14166666666666666 0.0671875 0.12708333333333333
2 0.446875 0.014583333333333334 0.0265625 0.029166666666666667
2 0.2515625 0.03125 0.0390625 0.03333333333333333
2 0.571875 0.025 0.0203125 0.03333333333333333
2 0.546875 0.06666666666666667 0.028125 0.04583333333333333
2 0.45625 0.07708333333333334 0.0375 0.04583333333333333
2 0.425 0.03125 0.034375 0.04583333333333333
2 0.5296875 0.01875 0.028125 0.03333333333333333
2 0.5453125 0.18125 0.0421875 0.0625
6 0.2 0.12083333333333333 0.134375 0.16041666666666668
5 0.621875 0.014583333333333334 0.0265625 0.03125
2 0.2703125 0.15625 0.0765625 0.08333333333333333
2 0.253125 0.48541666666666666 0.1609375 0.20625
2 0.3328125 0.5958333333333333 0.16875 0.27708333333333335
2 0.35 0.075 0.046875 0.05
