5 0.603125 0.0375 0.0390625 0.07708333333333334
5 0.415625 0.10208333333333333 0.046875 0.0625
2 0.371875 0.058333333333333334 0.0390625 0.041666666666666664
2 0.440625 0.041666666666666664 0.0375 0.041666666666666664
2 0.3765625 0.0875 0.05 0.06666666666666667
2 0.459375 0.020833333333333332 0.0265625 0.025
2 0.63125 0.16875 0.06875 0.07083333333333333
2 0.45625 0.075 0.0375 0.04583333333333333
5 0.896875 0.22083333333333333 0.1109375 0.1875
2 0.2890625 0.19375 0.121875 0.0875
2 0.328125 0.09166666666666666 0.05 0.05
