2 0.365625 0.09375 0.0421875 0.04583333333333333
5 0.940625 0.23333333333333334 0.1015625 0.18958333333333333
2 0.3671875 0.06666666666666667 0.0390625 0.041666666666666664
2 0.2515625 0.03125 0.0390625 0.03333333333333333
2 0.590625 0.025 0.0203125 0.03333333333333333
4 0.1 0.3541666666666667 0.196875 0.27291666666666664
2 0.3140625 0.09166666666666666 0.0578125 0.06666666666666667
2 0.6171875 0.22291666666666668 0.109375 0.075
2 0.934375 0.33541666666666664 0.1265625 0.09791666666666667
4 0.4171875 0.19583333333333333 0.2984375 0.19166666666666668
