2 0.3953125 0.04791666666666667 0.028125 0.03125
2 0.425 0.029166666666666667 0.034375 0.0375
5 0.459375 0.029166666666666667 0.046875 0.058333333333333334
2 0.2515625 0.03125 0.0390625 0.0375
2 0.4921875 0.016666666666666666 0.028125 0.03333333333333333
5 0.65625 0.2625 0.109375 0.22916666666666666
2 0.5640625 0.08333333333333333 0.0265625 0.041666666666666664
2 0.3609375 0.06875 0.0390625 0.04583333333333333
2 0.61875 0.016666666666666666 0.0203125 0.03125
2 0.109375 0.45625 0.215625 0.19166666666666668
6 0.8421875 0.3020833333333333 0.3046875 0.30625
2 0.3140625 0.09583333333333334 0.053125 0.05416666666666667
2 0.378125 0.0875 0.0453125 0.05416666666666667
