2 0.4171875 0.0625 0.0390625 0.04583333333333333
5 0.4234375 0.09791666666666667 0.0390625 0.05416666666666667
2 0.4203125 0.03333333333333333 0.034375 0.04583333333333333
5 0.1390625 0.15625 0.071875 0.1375
2 0.309375 0.4041666666666667 0.134375 0.15833333333333333
2 0.45625 0.07708333333333334 0.0375 0.05
2 0.2515625 0.03125 0.0390625 0.03333333333333333
2 0.575 0.016666666666666666 0.0234375 0.03125
6 0.1796875 0.12708333333333333 0.1453125 0.16875
2 0.4390625 0.016666666666666666 0.0265625 0.029166666666666667
5 0.61875 0.014583333333333334 0.0265625 0.03125
2 0.5515625 0.058333333333333334 0.0265625 0.041666666666666664
2 0.525 0.020833333333333332 0.0265625 0.03333333333333333
2 0.3703125 0.5125 0.1421875 0.21875
2 0.5515625 0.16666666666666666 0.0421875 0.058333333333333334
2 0.2421875 0.17291666666666666 0.0828125 0.09166666666666666
2 0.3390625 0.07916666666666666 0.05 0.05416666666666667
