2 0.58125 0.022916666666666665 0.0234375 0.029166666666666667
2 0.425 0.029166666666666667 0.034375 0.0375
5 0.459375 0.029166666666666667 0.046875 0.058333333333333334
2 0.4921875 0.016666666666666666 0.03125 0.03333333333333333
2 0.2515625 0.03125 0.0390625 0.0375
6 0.6859375 0.2708333333333333 0.503125 0.2916666666666667
2 0.3609375 0.06875 0.0390625 0.041666666666666664
5 0.4046875 0.2375 0.0859375 0.22291666666666668
2 0.3140625 0.09583333333333334 0.053125 0.05416666666666667
2 0.378125 0.0875 0.0453125 0.05416666666666667
