2 0.4484375 0.075 0.0390625 0.05
5 0.421875 0.09791666666666667 0.05 0.0625
5 0.5859375 0.016666666666666666 0.03125 0.03333333333333333
2 0.2515625 0.03125 0.0390625 0.0375
2 0.61875 0.03333333333333333 0.0203125 0.03333333333333333
2 0.5515625 0.0625 0.028125 0.0375
2 0.5296875 0.014583333333333334 0.0265625 0.03125
2 0.5640625 0.15 0.0421875 0.06666666666666667
2 0.50625 0.12708333333333333 0.05 0.07708333333333334
2 0.2578125 0.4708333333333333 0.1609375 0.20625
2 0.4796875 0.05416666666666667 0.034375 0.041666666666666664
