2 0.4328125 0.058333333333333334 0.034375 0.0375
2 0.5546875 0.058333333333333334 0.025 0.0375
2 0.5296875 0.016666666666666666 0.03125 0.03333333333333333
2 0.5078125 0.03333333333333333 0.0265625 0.0375
2 0.328125 0.37083333333333335 0.125 0.16041666666666668
2 0.453125 0.075 0.0390625 0.04583333333333333
2 0.4234375 0.09791666666666667 0.046875 0.058333333333333334
2 0.6109375 0.03333333333333333 0.0234375 0.03333333333333333
2 0.565625 0.125 0.0390625 0.05416666666666667
6 0.10625 0.175 0.2125 0.27708333333333335
2 0.128125 0.8520833333333333 0.2578125 0.28541666666666665
2 0.534375 0.0875 0.034375 0.05
2 0.4875 0.05 0.03125 0.0375
2 0.48125 0.16666666666666666 0.05 0.06875
2 0.3546875 0.10833333333333334 0.053125 0.05416666666666667
