2 0.3953125 0.05416666666666667 0.034375 0.0375
5 0.425 0.09375 0.046875 0.058333333333333334
2 0.390625 0.08333333333333333 0.0390625 0.04583333333333333
2 0.2515625 0.03125 0.0390625 0.03333333333333333
2 0.271875 0.76875 0.2078125 0.3375
2 0.334375 0.37083333333333335 0.103125 0.15208333333333332
2 0.109375 0.2125 0.0953125 0.09166666666666666
2 0.353125 0.05 0.0390625 0.0375
2 0.1125 0.2708333333333333 0.1265625 0.1
2 0.3296875 0.13125 0.0578125 0.05416666666666667
2 0.484375 0.020833333333333332 0.03125 0.041666666666666664
2 0.28125 0.11666666666666667 0.0640625 0.06666666666666667
