5 0.34375 0.09375 0.0703125 0.1
2 0.425 0.058333333333333334 0.0375 0.05416666666666667
2 0.4203125 0.09791666666666667 0.0421875 0.0625
2 0.578125 0.016666666666666666 0.0234375 0.03333333333333333
2 0.5453125 0.06666666666666667 0.03125 0.041666666666666664
2 0.490625 0.04583333333333333 0.03125 0.0375
2 0.5609375 0.15625 0.0421875 0.058333333333333334
2 0.4546875 0.2 0.0640625 0.08541666666666667
2 0.2828125 0.05416666666666667 0.090625 0.07708333333333334
2 0.4625 0.06875 0.034375 0.041666666666666664
2 0.45625 0.3729166666666667 0.0859375 0.14166666666666666
2 0.3390625 0.3729166666666667 0.109375 0.15416666666666667
2 0.5875 0.08958333333333333 0.0265625 0.041666666666666664
