2 0.4234375 0.09791666666666667 0.046875 0.0625
2 0.503125 0.0125 0.025 0.027083333333333334
5 0.3765625 0.0375 0.0421875 0.07708333333333334
2 0.153125 0.18333333333333332 0.084375 0.06875
2 0.09375 0.7729166666666667 0.1890625 0.3645833333333333
2 0.296875 0.43125 0.1171875 0.16041666666666668
2 0.45625 0.075 0.0375 0.04583333333333333
2 0.4859375 0.33125 0.078125 0.11666666666666667
6 0.40625 0.0375 0.0953125 0.075
2 0.475 0.027083333333333334 0.028125 0.03333333333333333
2 0.4875 0.05 0.03125 0.0375
2 0.11875 0.25625 0.134375 0.12291666666666666
2 0.53125 0.016666666666666666 0.03125 0.03333333333333333
2 0.5078125 0.03333333333333333 0.0265625 0.03333333333333333
2 0.3625 0.10208333333333333 0.05 0.05416666666666667
2 0.253125 0.13958333333333334 0.0671875 0.0625
