5 0.425 0.09375 0.0421875 0.058333333333333334
2 0.134375 0.91875 0.2703125 0.15833333333333333
2 0.2515625 0.03125 0.0390625 0.0375
2 0.575 0.027083333333333334 0.0203125 0.03125
2 0.5921875 0.07708333333333334 0.0265625 0.041666666666666664
2 0.45625 0.041666666666666664 0.03125 0.0375
2 0.5609375 0.1625 0.046875 0.06875
2 0.4796875 0.16041666666666668 0.05 0.0625
2 0.525 0.1 0.0390625 0.05416666666666667
2 0.0546875 0.23958333333333334 0.1109375 0.125
2 0.4078125 0.2791666666666667 0.078125 0.09375
2 0.353125 0.1 0.0625 0.07083333333333333
