2 0.5171875 0.00625 0.0203125 0.014583333333333334
5 0.3875 0.0375 0.034375 0.07083333333333333
2 0.478125 0.022916666666666665 0.0265625 0.0375
1 0.2 0.10833333333333334 0.0265625 0.041666666666666664
6 0.40625 0.03333333333333333 0.0625 0.06875
2 0.2515625 0.03125 0.0390625 0.03333333333333333
2 0.428125 0.058333333333333334 0.0390625 0.041666666666666664
2 0.4546875 0.016666666666666666 0.028125 0.03333333333333333
2 0.4234375 0.09791666666666667 0.0390625 0.05416666666666667
5 0.6234375 0.016666666666666666 0.03125 0.03333333333333333
2 0.14375 0.24583333333333332 0.1015625 0.1
2 0.45625 0.07708333333333334 0.0375 0.04583333333333333
2 0.4234375 0.24583333333333332 0.0703125 0.09375
2 0.5453125 0.06875 0.028125 0.041666666666666664
2 0.509375 0.125 0.0421875 0.058333333333333334
2 0.1875 0.1625 0.0796875 0.07708333333333334
2 0.190625 0.5770833333333333 0.184375 0.24375
2 0.3046875 0.14166666666666666 0.0625 0.0625
