0 0.1796875 0.1125 0.0125 0.05416666666666667
2 0.4375 0.08541666666666667 0.0453125 0.05416666666666667
2 0.05 0.24583333333333332 0.1 0.14166666666666666
2 0.4625 0.2 0.0578125 0.07916666666666666
2 0.4734375 0.05625 0.0375 0.05
2 0.528125 0.25 0.0625 0.09166666666666666
2 0.490625 0.01875 0.0265625 0.03333333333333333
2 0.55 0.07083333333333333 0.03125 0.041666666666666664
2 0.6078125 0.020833333333333332 0.01875 0.029166666666666667
2 0.2546875 0.16875 0.0859375 0.08333333333333333
2 0.275 0.45625 0.16875 0.21875
2 0.3828125 0.0875 0.0390625 0.05
2 0.3328125 0.08958333333333333 0.05 0.05
