2 0.4078125 0.06875 0.0421875 0.05416666666666667
2 0.246875 0.0625 0.090625 0.07916666666666666
2 0.5859375 0.010416666666666666 0.01875 0.022916666666666665
5 0.321875 0.10416666666666667 0.0765625 0.10625
2 0.41875 0.09791666666666667 0.0453125 0.058333333333333334
2 0.5921875 0.075 0.0265625 0.041666666666666664
2 0.553125 0.05 0.0265625 0.041666666666666664
2 0.4625 0.06875 0.034375 0.041666666666666664
2 0.571875 0.13333333333333333 0.0390625 0.05416666666666667
2 0.3953125 0.2916666666666667 0.0859375 0.11458333333333333
2 0.4984375 0.28541666666666665 0.0703125 0.10625
2 0.4796875 0.1625 0.0546875 0.07708333333333334
