0 0.5765625 0.14375 0.015625 0.05416666666666667
0 0.4484375 0.12291666666666666 0.015625 0.058333333333333334
4 0.603125 0.56875 0.6328125 0.5333333333333333
2 0.2515625 0.03125 0.0390625 0.03333333333333333
2 0.36875 0.0625 0.0390625 0.041666666666666664
2 0.5234375 0.19791666666666666 0.09375 0.075
6 0.8109375 0.20416666666666666 0.2546875 0.19791666666666666
2 0.678125 0.2791666666666667 0.1421875 0.08541666666666667
2 0.3140625 0.08958333333333333 0.0609375 0.06875
2 0.053125 0.16458333333333333 0.0859375 0.0625
2 0.3640625 0.1 0.046875 0.05416666666666667
