2 0.5171875 0.022916666666666665 0.028125 0.041666666666666664
5 0.3109375 0.06875 0.0421875 0.09375
2 0.2515625 0.03125 0.0390625 0.03333333333333333
2 0.4375 0.027083333333333334 0.028125 0.041666666666666664
6 0.334375 0.05625 0.0796875 0.10625
2 0.4265625 0.052083333333333336 0.0375 0.041666666666666664
2 0.384375 0.08333333333333333 0.0421875 0.05
2 0.4640625 0.06875 0.0375 0.04583333333333333
2 0.3375 0.10625 0.0625 0.07708333333333334
2 0.4625 0.03333333333333333 0.0265625 0.03333333333333333
2 0.4296875 0.09375 0.046875 0.058333333333333334
