2 0.3921875 0.04791666666666667 0.0265625 0.03125
2 0.425 0.029166666666666667 0.034375 0.0375
5 0.459375 0.029166666666666667 0.046875 0.058333333333333334
2 0.4921875 0.016666666666666666 0.028125 0.03333333333333333
5 0.834375 0.20416666666666666 0.1265625 0.18958333333333333
2 0.2515625 0.03125 0.0390625 0.03333333333333333
2 0.5921875 0.15833333333333333 0.0625 0.0625
2 0.3609375 0.06875 0.0390625 0.041666666666666664
2 0.603125 0.06666666666666667 0.0265625 0.0375
2 0.3140625 0.09583333333333334 0.053125 0.05416666666666667
2 0.378125 0.0875 0.0453125 0.05416666666666667
2 0.5578125 0.40208333333333335 0.1875 0.13958333333333334
5 0.915625 0.3125 0.1578125 0.25
