2 0.39375 0.04791666666666667 0.0265625 0.03125
0 0.721875 0.12916666666666668 0.015625 0.05
2 0.4265625 0.029166666666666667 0.03125 0.0375
5 0.459375 0.029166666666666667 0.046875 0.058333333333333334
2 0.4921875 0.016666666666666666 0.028125 0.03333333333333333
2 0.2515625 0.03125 0.0390625 0.03333333333333333
5 0.9375 0.22083333333333333 0.125 0.20208333333333334
2 0.5921875 0.10833333333333334 0.03125 0.05
2 0.3609375 0.06875 0.0390625 0.041666666666666664
2 0.865625 0.43333333333333335 0.21875 0.15625
2 0.025 0.15 0.05 0.07916666666666666
2 0.3140625 0.09583333333333334 0.053125 0.05416666666666667
2 0.378125 0.0875 0.0453125 0.05416666666666667
2 0.6671875 0.20833333333333334 0.1 0.07083333333333333
