2 0.4375 0.025 0.0265625 0.0375
2 0.509375 0.0125 0.01875 0.020833333333333332
0 0.2046875 0.11666666666666667 0.01875 0.05416666666666667
2 0.434375 0.04583333333333333 0.03125 0.0375
2 0.378125 0.08125 0.05 0.06875
2 0.2515625 0.03125 0.0390625 0.03333333333333333
5 0.3296875 0.0625 0.0421875 0.0875
5 0.4859375 0.01875 0.034375 0.0375
6 0.3484375 0.052083333333333336 0.075 0.1
2 0.4296875 0.09375 0.046875 0.058333333333333334
2 0.4625 0.03333333333333333 0.0265625 0.03333333333333333
2 0.59375 0.04583333333333333 0.0234375 0.0375
2 0.1640625 0.34375 0.1578125 0.11666666666666667
