2 0.46875 0.035416666666666666 0.03125 0.03125
2 0.4328125 0.058333333333333334 0.0375 0.041666666666666664
2 0.490625 0.016666666666666666 0.0203125 0.029166666666666667
2 0.2328125 0.14166666666666666 0.0703125 0.06666666666666667
2 0.46875 0.0125 0.025 0.027083333333333334
6 0.38125 0.0375 0.05 0.075
5 0.3734375 0.035416666666666666 0.0390625 0.07083333333333333
2 0.4671875 0.06666666666666667 0.034375 0.04583333333333333
4 0.225 0.06666666666666667 0.1734375 0.10833333333333334
2 0.4890625 0.04583333333333333 0.03125 0.0375
2 0.0484375 0.8520833333333333 0.0984375 0.28541666666666665
2 0.4390625 0.09166666666666666 0.0390625 0.05
2 0.259375 0.15833333333333333 0.090625 0.1
2 0.3640625 0.1 0.05 0.05
