0 0.8734375 0.4895833333333333 0.034375 0.10208333333333333
0 0.909375 0.4979166666666667 0.034375 0.10833333333333334
5 0.4609375 0.0125 0.0265625 0.027083333333333334
2 0.4578125 0.041666666666666664 0.03125 0.0375
2 0.4234375 0.06458333333333334 0.034375 0.04583333333333333
2 0.0328125 0.3125 0.0625 0.20625
2 0.5109375 0.010416666666666666 0.01875 0.020833333333333332
2 0.2515625 0.03125 0.0390625 0.03333333333333333
5 0.3515625 0.04791666666666667 0.046875 0.09375
2 0.4484375 0.20625 0.071875 0.11041666666666666
2 0.1125 0.20416666666666666 0.1015625 0.09791666666666667
2 0.30625 0.14166666666666666 0.0640625 0.0625
