5 0.4234375 0.09791666666666667 0.0390625 0.05416666666666667
2 0.5859375 0.010416666666666666 0.01875 0.020833333333333332
2 0.5125 0.12291666666666666 0.0421875 0.05416666666666667
1 0.203125 0.11458333333333333 0.028125 0.05416666666666667
5 0.621875 0.014583333333333334 0.0265625 0.03125
2 0.35 0.05416666666666667 0.034375 0.0375
2 0.346875 0.36875 0.115625 0.14583333333333334
2 0.2515625 0.03125 0.0390625 0.03333333333333333
2 0.5875 0.07916666666666666 0.0265625 0.041666666666666664
2 0.45625 0.07708333333333334 0.0375 0.04583333333333333
2 0.5046875 0.0375 0.028125 0.0375
2 0.196875 0.2 0.1015625 0.09791666666666667
2 0.1484375 0.175 0.0984375 0.09375
2 0.528125 0.16458333333333333 0.0453125 0.06875
2 0.321875 0.08333333333333333 0.0578125 0.06875
