2 0.1984375 0.15208333333333332 0.0859375 0.08333333333333333
2 0.4796875 0.008333333333333333 0.0203125 0.016666666666666666
2 0.5078125 0.010416666666666666 0.025 0.022916666666666665
2 0.5421875 0.008333333333333333 0.0234375 0.01875
2 0.0703125 0.83125 0.140625 0.3333333333333333
2 0.465625 0.03333333333333333 0.03125 0.0375
2 0.575 0.029166666666666667 0.0234375 0.03125
2 0.321875 0.07291666666666667 0.0703125 0.09375
2 0.1546875 0.22708333333333333 0.1234375 0.1375
2 0.5015625 0.13958333333333334 0.0421875 0.058333333333333334
