2 0.2515625 0.03125 0.0390625 0.03333333333333333
2 0.4375 0.08541666666666667 0.0453125 0.05416666666666667
2 0.05 0.5125 0.1 0.23541666666666666
2 0.578125 0.027083333333333334 0.025 0.029166666666666667
2 0.515625 0.23541666666666666 0.0625 0.0875
2 0.471875 0.05416666666666667 0.0390625 0.05416666666666667
2 0.553125 0.0625 0.03125 0.041666666666666664
2 0.425 0.022916666666666665 0.034375 0.04583333333333333
2 0.38125 0.08125 0.0390625 0.05416666666666667
2 0.3453125 0.07708333333333334 0.046875 0.058333333333333334
2 0.065625 0.1875 0.0765625 0.08333333333333333
2 0.5140625 0.11875 0.0390625 0.05416666666666667
