2 0.5109375 0.010416666666666666 0.01875 0.020833333333333332
0 0.2015625 0.11666666666666667 0.01875 0.05416666666666667
2 0.4375 0.022916666666666665 0.0265625 0.03333333333333333
6 0.3515625 0.05 0.078125 0.1
2 0.540625 0.010416666666666666 0.0234375 0.022916666666666665
2 0.378125 0.08125 0.05 0.06875
2 0.434375 0.04791666666666667 0.03125 0.0375
2 0.2515625 0.03125 0.0390625 0.03333333333333333
5 0.3296875 0.0625 0.0421875 0.0875
2 0.6078125 0.03333333333333333 0.0234375 0.03333333333333333
2 0.4625 0.035416666666666666 0.0265625 0.03333333333333333
2 0.56875 0.05416666666666667 0.0265625 0.0375
2 0.50625 0.035416666666666666 0.0265625 0.03333333333333333
2 0.4296875 0.09375 0.046875 0.058333333333333334
