2 0.4328125 0.03125 0.028125 0.03333333333333333
2 0.4515625 0.075 0.034375 0.05
5 0.421875 0.09583333333333334 0.05 0.0625
2 0.2515625 0.03125 0.0390625 0.03333333333333333
6 0.796875 0.28541666666666665 0.3921875 0.30625
2 0.5875 0.025 0.0203125 0.029166666666666667
5 0.565625 0.26666666666666666 0.10625 0.2375
2 0.5640625 0.08333333333333333 0.03125 0.041666666666666664
2 0.4671875 0.029166666666666667 0.03125 0.041666666666666664
2 0.328125 0.08958333333333333 0.046875 0.05
4 0.1265625 0.2125 0.246875 0.16666666666666666
