2 0.440625 0.04583333333333333 0.0421875 0.05416666666666667
2 0.5140625 0.010416666666666666 0.025 0.020833333333333332
5 0.478125 0.020833333333333332 0.046875 0.041666666666666664
6 0.3359375 0.05625 0.084375 0.11458333333333333
2 0.53125 0.13958333333333334 0.034375 0.05416666666666667
5 0.3125 0.07083333333333333 0.05 0.09791666666666667
2 0.565625 0.05 0.025 0.03333333333333333
2 0.228125 0.1875 0.0859375 0.08333333333333333
2 0.234375 0.5375 0.1609375 0.21666666666666667
2 0.078125 0.22916666666666666 0.078125 0.08541666666666667
