2 0.515625 0.00625 0.025 0.014583333333333334
2 0.46875 0.0125 0.0203125 0.025
5 0.4421875 0.03333333333333333 0.0421875 0.0625
2 0.4890625 0.01875 0.028125 0.0375
2 0.2515625 0.03125 0.0390625 0.0375
5 0.040625 0.19583333333333333 0.0828125 0.16458333333333333
2 0.3796875 0.32916666666666666 0.1015625 0.13958333333333334
2 0.3578125 0.06875 0.0421875 0.05416666666666667
2 0.4625 0.07083333333333333 0.034375 0.04583333333333333
2 0.4953125 0.041666666666666664 0.034375 0.04583333333333333
2 0.534375 0.1 0.0375 0.05
6 0.0921875 0.16875 0.1796875 0.19791666666666666
2 0.4296875 0.09375 0.046875 0.058333333333333334
2 0.2875 0.11041666666666666 0.0546875 0.058333333333333334
2 0.171875 0.21875 0.1 0.1
2 0.375 0.09375 0.0421875 0.05
