5 0.196875 0.11458333333333333 0.0828125 0.15
2 0.425 0.058333333333333334 0.034375 0.0375
2 0.4234375 0.09583333333333334 0.046875 0.0625
2 0.5859375 0.09375 0.03125 0.041666666666666664
2 0.45625 0.075 0.0375 0.05
2 0.5046875 0.12916666666666668 0.0390625 0.05416666666666667
2 0.115625 0.2625 0.1171875 0.12291666666666666
2 0.503125 0.28958333333333336 0.071875 0.10833333333333334
2 0.5078125 0.03333333333333333 0.0265625 0.0375
2 0.459375 0.19375 0.0578125 0.07708333333333334
2 0.303125 0.41041666666666665 0.1265625 0.16875
2 0.475 0.03125 0.0265625 0.03333333333333333
2 0.4875 0.05 0.03125 0.0375
2 0.33125 0.125 0.0578125 0.05416666666666667
2 0.53125 0.016666666666666666 0.03125 0.03333333333333333
6 0.2609375 0.08958333333333333 0.1875 0.18125
