0 0.7796875 0.13333333333333333 0.015625 0.05416666666666667
0 0.6609375 0.15833333333333333 0.0125 0.058333333333333334
0 0.6921875 0.13333333333333333 0.0171875 0.05
5 0.5203125 0.12916666666666668 0.0765625 0.10833333333333334
0 0.7546875 0.12916666666666668 0.01875 0.05416666666666667
2 0.365625 0.06458333333333334 0.0421875 0.041666666666666664
0 0.7203125 0.16041666666666668 0.01875 0.058333333333333334
2 0.2515625 0.03125 0.0390625 0.03333333333333333
2 0.0421875 0.16041666666666668 0.0828125 0.058333333333333334
2 0.3640625 0.09791666666666667 0.046875 0.05416666666666667
2 0.3140625 0.08958333333333333 0.0609375 0.06875
2 0.3859375 0.21875 0.109375 0.06875
6 0.578125 0.14583333333333334 0.15 0.17083333333333334
