0 0.7515625 0.16875 0.01875 0.058333333333333334
2 0.509375 0.0125 0.01875 0.020833333333333332
2 0.4375 0.025 0.0265625 0.0375
2 0.4359375 0.04791666666666667 0.03125 0.0375
5 0.4859375 0.020833333333333332 0.034375 0.0375
2 0.2515625 0.03125 0.0390625 0.03333333333333333
6 0.3484375 0.05 0.0765625 0.1
5 0.3296875 0.06666666666666667 0.0421875 0.08333333333333333
2 0.4296875 0.09375 0.046875 0.058333333333333334
2 0.4625 0.03333333333333333 0.0265625 0.03333333333333333
2 0.5328125 0.13333333333333333 0.0421875 0.06666666666666667
2 0.70625 0.22083333333333333 0.109375 0.07708333333333334
2 0.0625 0.15416666666666667 0.075 0.058333333333333334
2 0.9390625 0.27291666666666664 0.1171875 0.1
