0 0.8203125 0.16666666666666666 0.025 0.0625
2 0.046875 0.30625 0.0953125 0.18125
2 0.2515625 0.03125 0.0390625 0.03333333333333333
2 0.609375 0.04375 0.025 0.03333333333333333
2 0.55625 0.052083333333333336 0.0265625 0.03333333333333333
2 0.578125 0.020833333333333332 0.025 0.03333333333333333
2 0.3046875 0.45625 0.1375 0.17083333333333334
2 0.5796875 0.11041666666666666 0.0390625 0.06875
2 0.5453125 0.07916666666666666 0.03125 0.041666666666666664
2 0.3390625 0.11666666666666667 0.05 0.05416666666666667
