2 0.509375 0.0125 0.01875 0.020833333333333332
2 0.378125 0.08125 0.05 0.06875
2 0.9859375 0.2875 0.0203125 0.07916666666666666
5 0.603125 0.035416666666666666 0.0390625 0.07083333333333333
6 0.3515625 0.05 0.078125 0.1
2 0.2515625 0.03125 0.0390625 0.03333333333333333
5 0.4859375 0.020833333333333332 0.034375 0.0375
5 0.3296875 0.06041666666666667 0.0421875 0.08541666666666667
2 0.434375 0.04583333333333333 0.034375 0.041666666666666664
2 0.440625 0.022916666666666665 0.028125 0.0375
2 0.4296875 0.09375 0.046875 0.058333333333333334
2 0.4625 0.03333333333333333 0.0265625 0.03333333333333333
2 0.303125 0.19791666666666666 0.0875 0.06666666666666667
2 0.7953125 0.2520833333333333 0.1265625 0.07916666666666666
2 0.5921875 0.18541666666666667 0.090625 0.07708333333333334
2 0.103125 0.16666666666666666 0.1078125 0.07708333333333334
