0 0.515625 0.1375 0.0125 0.04583333333333333
0 0.6859375 0.17083333333333334 0.0203125 0.058333333333333334
0 0.6125 0.13333333333333333 0.01875 0.05
5 0.453125 0.07291666666666667 0.0390625 0.05
2 0.38125 0.09166666666666666 0.0390625 0.04583333333333333
6 0.340625 0.05625 0.0984375 0.11458333333333333
2 0.2515625 0.03125 0.0390625 0.03333333333333333
2 0.4984375 0.0125 0.0234375 0.027083333333333334
2 0.4796875 0.025 0.0265625 0.03333333333333333
2 0.4015625 0.21666666666666667 0.10625 0.075
2 0.0859375 0.17291666666666666 0.084375 0.0625
2 0.69375 0.23125 0.1171875 0.07083333333333333
2 0.8078125 0.3020833333333333 0.15625 0.09166666666666666
