2 0.046875 0.24583333333333332 0.0953125 0.09791666666666667
2 0.3828125 0.058333333333333334 0.034375 0.03333333333333333
2 0.2515625 0.03125 0.0390625 0.03333333333333333
2 0.1 0.7645833333333333 0.2 0.4083333333333333
2 0.3828125 0.3020833333333333 0.0828125 0.11041666666666666
2 0.25 0.13333333333333333 0.075 0.06875
2 0.3640625 0.56875 0.1453125 0.23125
2 0.4796875 0.025 0.034375 0.04583333333333333
2 0.3765625 0.09375 0.046875 0.05416666666666667
2 0.325 0.058333333333333334 0.0453125 0.041666666666666664
2 0.3046875 0.15 0.0625 0.0625
