0 0.5234375 0.12708333333333333 0.0171875 0.058333333333333334
0 0.4640625 0.11875 0.0125 0.05
2 0.2515625 0.03125 0.0390625 0.03333333333333333
2 0.36875 0.06458333333333334 0.0390625 0.0375
2 0.0109375 0.14583333333333334 0.0234375 0.05416666666666667
2 0.5234375 0.19583333333333333 0.0921875 0.0625
6 0.8078125 0.20208333333333334 0.228125 0.2
4 0.7734375 0.6541666666666667 0.45 0.5375
2 0.9546875 0.32916666666666666 0.0875 0.08541666666666667
2 0.3140625 0.08958333333333333 0.0609375 0.06875
2 0.5421875 0.2520833333333333 0.1328125 0.08333333333333333
2 0.3640625 0.1 0.046875 0.05416666666666667
