2 0.4078125 0.07708333333333334 0.0390625 0.041666666666666664
2 0.2 0.84375 0.309375 0.30416666666666664
6 0.3671875 0.05 0.1171875 0.10208333333333333
2 0.45625 0.075 0.034375 0.04583333333333333
5 0.3296875 0.05416666666666667 0.0546875 0.10625
2 0.0390625 0.26666666666666666 0.078125 0.11458333333333333
2 0.415625 0.26458333333333334 0.06875 0.09375
2 0.4953125 0.016666666666666666 0.025 0.029166666666666667
2 0.4875 0.05 0.03125 0.0375
2 0.171875 0.17916666666666667 0.0921875 0.07916666666666666
2 0.5453125 0.19375 0.046875 0.06875
2 0.4609375 0.0375 0.03125 0.0375
2 0.53125 0.016666666666666666 0.03125 0.03333333333333333
2 0.2921875 0.4270833333333333 0.1296875 0.17083333333333334
2 0.303125 0.13958333333333334 0.0640625 0.06875
2 0.5078125 0.03333333333333333 0.0265625 0.0375
