0 0.5234375 0.13958333333333334 0.0171875 0.058333333333333334
5 0.7484375 0.2125 0.0671875 0.13541666666666666
4 0.0171875 0.11875 0.034375 0.11666666666666667
2 0.36875 0.0625 0.0390625 0.041666666666666664
2 0.2515625 0.03125 0.0390625 0.03333333333333333
4 0.1234375 0.3770833333333333 0.24375 0.2916666666666667
2 0.5234375 0.19791666666666666 0.0921875 0.075
6 0.8703125 0.21875 0.25 0.20833333333333334
2 0.3640625 0.09791666666666667 0.046875 0.05416666666666667
2 0.3140625 0.08958333333333333 0.0609375 0.06875
2 0.296875 0.20625 0.10625 0.06666666666666667
