2 0.3953125 0.05 0.028125 0.03333333333333333
2 0.425 0.029166666666666667 0.034375 0.0375
5 0.459375 0.029166666666666667 0.046875 0.058333333333333334
2 0.4921875 0.016666666666666666 0.028125 0.03333333333333333
2 0.2515625 0.03125 0.0390625 0.0375
5 0.1390625 0.2520833333333333 0.1015625 0.23541666666666666
2 0.9265625 0.36041666666666666 0.1421875 0.17083333333333334
2 0.3625 0.06875 0.0390625 0.041666666666666664
6 0.4046875 0.25 0.4796875 0.25416666666666665
2 0.378125 0.0875 0.0453125 0.05416666666666667
2 0.3140625 0.09583333333333334 0.053125 0.05416666666666667
6 0.6265625 0.12916666666666668 0.1609375 0.21875
