2 0.425 0.041666666666666664 0.01875 0.025
2 0.5140625 0.00625 0.0203125 0.014583333333333334
2 0.4453125 0.03125 0.0421875 0.0625
2 0.4921875 0.016666666666666666 0.028125 0.03333333333333333
2 0.0375 0.32916666666666666 0.075 0.15208333333333332
2 0.2515625 0.03125 0.0390625 0.03333333333333333
2 0.3515625 0.37083333333333335 0.1171875 0.16041666666666668
6 0.109375 0.15833333333333333 0.1734375 0.1875
2 0.365625 0.06666666666666667 0.0421875 0.05
2 0.4625 0.07083333333333333 0.034375 0.04583333333333333
2 0.525 0.1125 0.0390625 0.05
2 0.496875 0.03958333333333333 0.03125 0.04583333333333333
5 0.0609375 0.1875 0.084375 0.15416666666666667
2 0.2984375 0.10625 0.053125 0.05416666666666667
2 0.4296875 0.09375 0.046875 0.058333333333333334
2 0.196875 0.2 0.090625 0.09791666666666667
2 0.384375 0.08958333333333333 0.0375 0.04583333333333333
