2 0.48125 0.025 0.0265625 0.03125
0 0.625 0.14583333333333334 0.015625 0.04583333333333333
0 0.84375 0.18541666666666667 0.01875 0.0625
0 0.1765625 0.1 0.015625 0.04583333333333333
5 0.3171875 0.075 0.046875 0.07916666666666666
2 0.9765625 0.34375 0.046875 0.075
2 0.38125 0.09166666666666666 0.0390625 0.04583333333333333
2 0.2515625 0.027083333333333334 0.0390625 0.03125
2 0.5 0.0125 0.025 0.027083333333333334
2 0.5421875 0.07916666666666666 0.034375 0.041666666666666664
6 0.3390625 0.05625 0.0921875 0.11041666666666666
2 0.4375 0.23333333333333334 0.1265625 0.075
2 0.040625 0.15416666666666667 0.078125 0.058333333333333334
