5 0.41875 0.09791666666666667 0.05 0.0625
2 0.2515625 0.03125 0.0390625 0.0375
5 0.6171875 0.26875 0.109375 0.23958333333333334
6 0.8203125 0.29583333333333334 0.3546875 0.31666666666666665
2 0.453125 0.07083333333333333 0.0375 0.05
2 0.4375 0.025 0.0265625 0.03125
2 0.5578125 0.09791666666666667 0.034375 0.04583333333333333
4 0.09375 0.21458333333333332 0.184375 0.17083333333333334
2 0.584375 0.0375 0.025 0.03333333333333333
2 0.328125 0.08958333333333333 0.046875 0.05
2 0.4765625 0.022916666666666665 0.03125 0.04583333333333333
