5 0.621875 0.014583333333333334 0.0265625 0.03125
2 0.4234375 0.09791666666666667 0.0390625 0.05416666666666667
5 0.3796875 0.041666666666666664 0.0375 0.06875
2 0.2515625 0.03125 0.0390625 0.03333333333333333
2 0.45625 0.07708333333333334 0.034375 0.04583333333333333
2 0.615625 0.05 0.025 0.03333333333333333
2 0.5765625 0.13333333333333333 0.0390625 0.05416666666666667
2 0.534375 0.25833333333333336 0.0609375 0.10625
2 0.6015625 0.08333333333333333 0.03125 0.041666666666666664
2 0.484375 0.05416666666666667 0.03125 0.0375
6 0.3953125 0.0375 0.0625 0.07708333333333334
