5 0.2046875 0.10833333333333334 0.084375 0.14375
0 0.09375 0.13333333333333333 0.01875 0.058333333333333334
2 0.584375 0.01875 0.0203125 0.029166666666666667
2 0.43125 0.0875 0.0421875 0.05416666666666667
2 0.5859375 0.10833333333333334 0.0375 0.05416666666666667
2 0.465625 0.0625 0.0390625 0.05
2 0.55625 0.05416666666666667 0.0265625 0.0375
6 0.2609375 0.09791666666666667 0.1921875 0.16458333333333333
2 0.865625 0.86875 0.26875 0.25625
2 0.440625 0.21666666666666667 0.0640625 0.07708333333333334
