5 0.4234375 0.09791666666666667 0.0390625 0.05416666666666667
2 0.2046875 0.8333333333333334 0.2734375 0.3145833333333333
2 0.5796875 0.016666666666666666 0.0203125 0.027083333333333334
2 0.4546875 0.07708333333333334 0.0390625 0.05
2 0.2515625 0.03125 0.0390625 0.03333333333333333
2 0.5765625 0.04583333333333333 0.025 0.0375
2 0.546875 0.2125 0.053125 0.07708333333333334
2 0.5390625 0.09166666666666666 0.034375 0.04583333333333333
5 0.621875 0.014583333333333334 0.0265625 0.03125
2 0.4890625 0.05 0.03125 0.0375
