5 0.321875 0.06458333333333334 0.0453125 0.0875
2 0.8375 0.9208333333333333 0.3078125 0.15
0 0.8421875 0.3375 0.01875 0.08541666666666667
0 0.81875 0.33541666666666664 0.01875 0.08333333333333333
6 0.3453125 0.052083333333333336 0.0859375 0.10625
2 0.2515625 0.03125 0.0390625 0.03333333333333333
2 0.425 0.058333333333333334 0.03125 0.04583333333333333
2 0.3421875 0.1 0.0640625 0.09166666666666666
6 0.1015625 0.18125 0.203125 0.2833333333333333
2 0.5578125 0.0625 0.0265625 0.0375
2 0.3765625 0.3229166666666667 0.1015625 0.13541666666666666
2 0.453125 0.0125 0.0265625 0.025
2 0.5 0.0125 0.025 0.027083333333333334
2 0.4453125 0.4395833333333333 0.115625 0.18541666666666667
2 0.46875 0.03333333333333333 0.0265625 0.03333333333333333
2 0.503125 0.15208333333333332 0.046875 0.0625
