5 0.4234375 0.09791666666666667 0.0390625 0.05416666666666667
5 0.46875 0.014583333333333334 0.0421875 0.029166666666666667
2 0.4546875 0.07708333333333334 0.0390625 0.05
5 0.621875 0.014583333333333334 0.0265625 0.03125
2 0.2375 0.85 0.2609375 0.3
2 0.2515625 0.03125 0.0390625 0.03333333333333333
2 0.603125 0.07708333333333334 0.0265625 0.041666666666666664
2 0.5765625 0.022916666666666665 0.0234375 0.03125
2 0.50625 0.3125 0.0703125 0.10833333333333334
2 0.4875 0.05416666666666667 0.03125 0.041666666666666664
2 0.56875 0.15416666666666667 0.0421875 0.0625
