1 0.203125 0.11458333333333333 0.0265625 0.05416666666666667
2 0.2515625 0.027083333333333334 0.0390625 0.03125
2 0.540625 0.010416666666666666 0.0203125 0.020833333333333332
2 0.3921875 0.07708333333333334 0.0453125 0.058333333333333334
5 0.278125 0.08958333333333333 0.05 0.10208333333333333
2 0.575 0.020833333333333332 0.0203125 0.03125
2 0.45625 0.07708333333333334 0.0375 0.04583333333333333
2 0.4625 0.35833333333333334 0.0796875 0.11875
2 0.45625 0.01875 0.03125 0.0375
2 0.546875 0.06666666666666667 0.03125 0.041666666666666664
5 0.621875 0.014583333333333334 0.0265625 0.03125
2 0.196875 0.20208333333333334 0.0984375 0.09791666666666667
2 0.478125 0.027083333333333334 0.03125 0.03333333333333333
2 0.50625 0.12916666666666668 0.0390625 0.058333333333333334
6 0.3046875 0.075 0.09375 0.125
