0 0.49375 0.125 0.0125 0.05
0 0.63125 0.15625 0.01875 0.05416666666666667
0 0.51875 0.13958333333333334 0.015625 0.05416666666666667
2 0.36875 0.06458333333333334 0.0390625 0.0375
2 0.2515625 0.03125 0.0390625 0.03333333333333333
2 0.5234375 0.19791666666666666 0.0921875 0.07083333333333333
2 0.6859375 0.2791666666666667 0.115625 0.08333333333333333
6 0.79375 0.20208333333333334 0.24375 0.19583333333333333
2 0.3140625 0.08958333333333333 0.0609375 0.06875
2 0.3640625 0.1 0.046875 0.05416666666666667
2 0.3015625 0.20208333333333334 0.109375 0.06875
