2 0.5109375 0.010416666666666666 0.0265625 0.020833333333333332
5 0.478125 0.022916666666666665 0.05 0.04583333333333333
2 0.4375 0.04583333333333333 0.0421875 0.05416666666666667
6 0.3296875 0.05416666666666667 0.0859375 0.10833333333333334
5 0.365625 0.08541666666666667 0.0671875 0.09166666666666666
5 0.3078125 0.075 0.05 0.1
2 0.5375 0.12708333333333333 0.0375 0.05
2 0.5671875 0.04583333333333333 0.0234375 0.03333333333333333
2 0.2015625 0.20208333333333334 0.0921875 0.09166666666666666
2 0.275 0.4791666666666667 0.1375 0.18541666666666667
2 0.05 0.24583333333333332 0.0859375 0.09166666666666666
