0 0.95 0.19375 0.0203125 0.06875
2 0.48125 0.025 0.0265625 0.03125
0 0.8078125 0.12916666666666668 0.01875 0.05416666666666667
2 0.421875 0.10208333333333333 0.0421875 0.05416666666666667
2 0.5 0.0125 0.025 0.027083333333333334
5 0.3171875 0.075 0.046875 0.07708333333333334
2 0.3828125 0.09166666666666666 0.0390625 0.04583333333333333
2 0.2515625 0.03125 0.0390625 0.03333333333333333
2 0.334375 0.20416666666666666 0.0921875 0.07083333333333333
6 0.3390625 0.05416666666666667 0.0953125 0.11041666666666666
2 0.05 0.15625 0.0828125 0.058333333333333334
