2 0.4390625 0.05 0.03125 0.03333333333333333
2 0.2515625 0.03125 0.0390625 0.03333333333333333
2 0.171875 0.23541666666666666 0.109375 0.09375
2 0.5484375 0.06458333333333334 0.0265625 0.0375
2 0.4234375 0.09791666666666667 0.046875 0.0625
2 0.53125 0.016666666666666666 0.03125 0.03333333333333333
2 0.5078125 0.03333333333333333 0.0265625 0.0375
2 0.45625 0.075 0.0375 0.04583333333333333
2 0.6078125 0.041666666666666664 0.0203125 0.03333333333333333
2 0.284375 0.43125 0.153125 0.19166666666666668
2 0.5609375 0.1375 0.0421875 0.058333333333333334
6 0.1171875 0.17291666666666666 0.23125 0.28958333333333336
2 0.4875 0.05 0.03125 0.0375
2 0.5296875 0.09583333333333334 0.034375 0.05
2 0.4671875 0.18541666666666667 0.0546875 0.07083333333333333
2 0.3671875 0.1 0.05 0.05416666666666667
