2 0.4390625 0.04583333333333333 0.03125 0.0375
2 0.5453125 0.00625 0.0203125 0.014583333333333334
2 0.921875 0.90625 0.15625 0.17708333333333334
1 0.203125 0.1125 0.0265625 0.05
2 0.41875 0.0625 0.0390625 0.05416666666666667
2 0.2515625 0.03125 0.0390625 0.03333333333333333
6 0.328125 0.0625 0.0859375 0.11666666666666667
5 0.30625 0.08333333333333333 0.046875 0.08333333333333333
2 0.5828125 0.0125 0.01875 0.025
2 0.4890625 0.01875 0.028125 0.03125
2 0.4546875 0.07708333333333334 0.0390625 0.04583333333333333
2 0.4640625 0.014583333333333334 0.03125 0.03125
2 0.4015625 0.49166666666666664 0.115625 0.175
2 0.56875 0.035416666666666666 0.025 0.03333333333333333
5 0.6203125 0.014583333333333334 0.0265625 0.03125
2 0.534375 0.08541666666666667 0.034375 0.05
2 0.4859375 0.1625 0.046875 0.07083333333333333
2 0.2671875 0.16041666666666668 0.0765625 0.075
