2 0.9546875 0.8979166666666667 0.0875 0.19791666666666666
2 0.2515625 0.03125 0.0390625 0.03333333333333333
2 0.5890625 0.027083333333333334 0.01875 0.029166666666666667
2 0.45625 0.07708333333333334 0.0375 0.04583333333333333
2 0.5640625 0.075 0.028125 0.041666666666666664
2 0.4046875 0.5354166666666667 0.134375 0.22291666666666668
5 0.621875 0.014583333333333334 0.0265625 0.03125
2 0.4921875 0.04791666666666667 0.03125 0.0375
2 0.5203125 0.12291666666666666 0.0421875 0.05416666666666667
2 0.05 0.1 0.0828125 0.04583333333333333
