2 0.253125 0.03125 0.0375 0.0375
0 0.8546875 0.36666666666666664 0.034375 0.08541666666666667
2 0.4796875 0.025 0.0265625 0.03333333333333333
2 0.28125 0.7895833333333333 0.2203125 0.3770833333333333
2 0.0984375 0.7645833333333333 0.196875 0.375
2 0.4734375 0.05416666666666667 0.0375 0.058333333333333334
2 0.175 0.21875 0.1109375 0.1
2 0.5640625 0.04583333333333333 0.0265625 0.0375
2 0.55625 0.1875 0.05 0.075
2 0.5 0.14166666666666666 0.0453125 0.0625
2 0.3796875 0.3125 0.109375 0.15
2 0.2890625 0.11458333333333333 0.0578125 0.058333333333333334
2 0.353125 0.11041666666666666 0.053125 0.05416666666666667
