2 0.353125 0.08541666666666667 0.0765625 0.10208333333333333
5 0.353125 0.0875 0.0765625 0.10625
2 0.525 0.01875 0.0265625 0.03333333333333333
2 0.496875 0.041666666666666664 0.03125 0.041666666666666664
2 0.4171875 0.09791666666666667 0.05 0.058333333333333334
2 0.484375 0.01875 0.03125 0.0375
2 0.0515625 0.31666666666666665 0.103125 0.15208333333333332
2 0.4296875 0.44166666666666665 0.1015625 0.15625
2 0.440625 0.035416666666666666 0.046875 0.06875
2 0.4625 0.06875 0.0375 0.041666666666666664
2 0.43125 0.24375 0.0765625 0.10208333333333333
2 0.1015625 0.725 0.2 0.33125
