0 0.7921875 0.1375 0.015625 0.0625
0 0.7046875 0.12916666666666668 0.0125 0.05416666666666667
0 0.7296875 0.16041666666666668 0.0171875 0.058333333333333334
2 0.00625 0.14583333333333334 0.0125 0.04583333333333333
5 0.515625 0.12083333333333333 0.0625 0.1
2 0.3421875 0.05416666666666667 0.0453125 0.041666666666666664
0 0.66875 0.16041666666666668 0.0203125 0.0625
0 0.9046875 0.19791666666666666 0.0265625 0.0625
2 0.36875 0.06458333333333334 0.0390625 0.0375
2 0.5625 0.04583333333333333 0.0265625 0.03333333333333333
2 0.2515625 0.03125 0.0390625 0.03333333333333333
2 0.259375 0.2 0.0984375 0.0625
2 0.3640625 0.09791666666666667 0.046875 0.05416666666666667
2 0.3140625 0.08958333333333333 0.0609375 0.06875
6 0.5578125 0.13541666666666666 0.1296875 0.16666666666666666
