2 0.4453125 0.04583333333333333 0.03125 0.03125
2 0.203125 0.2125 0.1 0.08541666666666667
5 0.0234375 0.21458333333333332 0.046875 0.22708333333333333
2 0.4546875 0.075 0.0375 0.04583333333333333
2 0.53125 0.016666666666666666 0.03125 0.03333333333333333
2 0.5078125 0.03333333333333333 0.0265625 0.0375
2 0.60625 0.04583333333333333 0.0234375 0.03333333333333333
2 0.4546875 0.20416666666666666 0.0625 0.08333333333333333
2 0.521875 0.10625 0.0390625 0.05416666666666667
2 0.4875 0.05 0.03125 0.0375
6 0.1296875 0.15833333333333333 0.253125 0.28125
2 0.55625 0.15 0.0390625 0.058333333333333334
2 0.2359375 0.5020833333333333 0.18125 0.23333333333333334
2 0.5453125 0.07083333333333333 0.028125 0.041666666666666664
2 0.378125 0.09375 0.046875 0.05416666666666667
