6 0.359375 0.06041666666666667 0.084375 0.07083333333333333
5 0.4109375 0.06875 0.0453125 0.05
2 0.4453125 0.04791666666666667 0.034375 0.0375
4 0.090625 0.06875 0.18125 0.10208333333333333
2 0.2515625 0.03125 0.0390625 0.03333333333333333
2 0.58125 0.016666666666666666 0.0234375 0.029166666666666667
5 0.5453125 0.10833333333333334 0.078125 0.12916666666666668
5 0.309375 0.08333333333333333 0.046875 0.07708333333333334
2 0.35625 0.10833333333333334 0.053125 0.05
6 0.671875 0.15625 0.3125 0.2375
