6 0.4 0.03333333333333333 0.0859375 0.06875
2 0.4484375 0.04583333333333333 0.03125 0.0375
2 0.5546875 0.04375 0.034375 0.06875
0 0.8296875 0.23541666666666666 0.0203125 0.075
2 0.51875 0.022916666666666665 0.03125 0.04583333333333333
2 0.2515625 0.03125 0.0390625 0.03333333333333333
5 0.375 0.0375 0.0421875 0.07708333333333334
2 0.490625 0.04583333333333333 0.028125 0.0375
2 0.46875 0.06875 0.0375 0.04583333333333333
2 0.5953125 0.0375 0.0203125 0.03333333333333333
2 0.296875 0.42916666666666664 0.1375 0.1875
2 0.4390625 0.09375 0.0390625 0.05
2 0.50625 0.125 0.0421875 0.0625
2 0.5765625 0.11875 0.0390625 0.07083333333333333
2 0.0859375 0.27708333333333335 0.1234375 0.11875
2 0.359375 0.1 0.05 0.058333333333333334
2 0.24375 0.13958333333333334 0.0671875 0.0625
