5 0.3734375 0.04583333333333333 0.034375 0.06666666666666667
6 0.39375 0.0375 0.06875 0.07708333333333334
2 0.584375 0.010416666666666666 0.0203125 0.022916666666666665
0 0.8234375 0.35833333333333334 0.025 0.07916666666666666
2 0.5125 0.008333333333333333 0.0203125 0.01875
2 0.065625 0.29583333333333334 0.1328125 0.12708333333333333
0 0.8546875 0.3645833333333333 0.025 0.09166666666666666
2 0.4328125 0.25416666666666665 0.075 0.09791666666666667
2 0.2703125 0.1625 0.06875 0.07083333333333333
2 0.45625 0.03958333333333333 0.03125 0.0375
6 0.1515625 0.13125 0.2828125 0.24375
2 0.4890625 0.016666666666666666 0.025 0.03125
2 0.5265625 0.11458333333333333 0.034375 0.05
2 0.15625 0.6354166666666666 0.2390625 0.3125
