2 0.4828125 0.020833333333333332 0.0265625 0.0375
6 0.4078125 0.03333333333333333 0.0609375 0.06875
2 0.4390625 0.04583333333333333 0.028125 0.03125
2 0.4234375 0.09791666666666667 0.0390625 0.05
2 0.2515625 0.03125 0.0390625 0.03333333333333333
5 0.39375 0.0375 0.03125 0.06666666666666667
2 0.4546875 0.016666666666666666 0.0265625 0.03333333333333333
2 0.2078125 0.15625 0.075 0.07083333333333333
5 0.621875 0.016666666666666666 0.028125 0.03333333333333333
2 0.4546875 0.07708333333333334 0.0390625 0.04583333333333333
2 0.3203125 0.12916666666666668 0.0546875 0.058333333333333334
2 0.5 0.1375 0.0453125 0.058333333333333334
2 0.5390625 0.07708333333333334 0.03125 0.041666666666666664
2 0.4078125 0.2708333333333333 0.078125 0.10625
2 0.184375 0.21666666666666667 0.09375 0.09375
2 0.1171875 0.68125 0.23125 0.30625
