2 0.2515625 0.03125 0.0390625 0.03333333333333333
2 0.45625 0.07708333333333334 0.0375 0.05
5 0.4625 0.016666666666666666 0.046875 0.03333333333333333
5 0.621875 0.014583333333333334 0.0265625 0.03125
2 0.5796875 0.020833333333333332 0.0203125 0.029166666666666667
2 0.603125 0.07083333333333333 0.0265625 0.0375
2 0.575 0.13958333333333334 0.0421875 0.058333333333333334
2 0.4875 0.05416666666666667 0.03125 0.041666666666666664
2 0.321875 0.75 0.1890625 0.3416666666666667
2 0.5171875 0.2791666666666667 0.0671875 0.09375
