0 0.1109375 0.10833333333333334 0.0125 0.05
5 0.6 0.0125 0.025 0.025
2 0.01875 0.3104166666666667 0.0390625 0.13958333333333334
2 0.490625 0.04583333333333333 0.028125 0.0375
2 0.2515625 0.03125 0.0390625 0.03333333333333333
2 0.4625 0.035416666666666666 0.03125 0.03333333333333333
2 0.5 0.15208333333333332 0.05 0.06666666666666667
2 0.6125 0.041666666666666664 0.025 0.0375
2 0.2984375 0.4354166666666667 0.140625 0.17708333333333334
2 0.5890625 0.08958333333333333 0.028125 0.041666666666666664
2 0.4390625 0.09166666666666666 0.0390625 0.05
2 0.46875 0.06875 0.0375 0.04583333333333333
2 0.359375 0.10208333333333333 0.05 0.05
