2 0.4546875 0.041666666666666664 0.028125 0.03333333333333333
2 0.4375 0.08333333333333333 0.0453125 0.05416666666666667
2 0.4796875 0.01875 0.0265625 0.03125
2 0.2609375 0.7708333333333334 0.2203125 0.35625
2 0.4484375 0.020833333333333332 0.0265625 0.03125
2 0.621875 0.014583333333333334 0.0203125 0.029166666666666667
2 0.4078125 0.041666666666666664 0.0390625 0.04583333333333333
2 0.50625 0.0125 0.025 0.025
2 0.3921875 0.08333333333333333 0.0421875 0.05
2 0.4734375 0.05416666666666667 0.0375 0.05416666666666667
2 0.1109375 0.20208333333333334 0.09375 0.08333333333333333
2 0.346875 0.07916666666666666 0.0421875 0.04583333333333333
2 0.3 0.14166666666666666 0.0703125 0.06875
2 0.246875 0.13333333333333333 0.0625 0.0625
