2 0.2515625 0.03125 0.0390625 0.03333333333333333
2 0.6234375 0.010416666666666666 0.0203125 0.022916666666666665
2 0.7234375 0.22708333333333333 0.109375 0.07708333333333334
5 0.309375 0.08333333333333333 0.046875 0.07708333333333334
2 0.465625 0.035416666666666666 0.028125 0.03333333333333333
2 0.5234375 0.24583333333333332 0.1265625 0.08541666666666667
2 0.0859375 0.17083333333333334 0.084375 0.075
2 0.8890625 0.3145833333333333 0.1765625 0.09375
2 0.5703125 0.125 0.05 0.058333333333333334
2 0.35625 0.10833333333333334 0.053125 0.05
