2 0.9875 0.32916666666666666 0.025 0.11458333333333333
2 0.39375 0.05 0.0265625 0.03333333333333333
5 0.459375 0.029166666666666667 0.046875 0.058333333333333334
2 0.315625 0.09166666666666666 0.046875 0.04583333333333333
2 0.425 0.06041666666666667 0.034375 0.04583333333333333
2 0.425 0.029166666666666667 0.034375 0.0375
2 0.5109375 0.010416666666666666 0.025 0.020833333333333332
2 0.378125 0.08541666666666667 0.0453125 0.05
5 0.6125 0.13541666666666666 0.078125 0.11041666666666666
2 0.2515625 0.03125 0.0390625 0.0375
2 0.3625 0.06875 0.0390625 0.04583333333333333
2 0.4921875 0.016666666666666666 0.028125 0.03333333333333333
2 0.7765625 0.24166666666666667 0.121875 0.07708333333333334
4 0.3296875 0.17083333333333334 0.2828125 0.16875
