5 0.425 0.025 0.034375 0.05
0 0.8765625 0.41458333333333336 0.0265625 0.1
2 0.86875 0.89375 0.2546875 0.20833333333333334
2 0.390625 0.08541666666666667 0.0390625 0.04583333333333333
0 0.84375 0.4083333333333333 0.025 0.09166666666666666
2 0.509375 0.008333333333333333 0.0234375 0.01875
2 0.1328125 0.7 0.2359375 0.31875
5 0.2421875 0.09375 0.0703125 0.13541666666666666
2 0.553125 0.05625 0.03125 0.05
2 0.4171875 0.2604166666666667 0.0703125 0.09375
6 0.3015625 0.07916666666666666 0.153125 0.16041666666666668
2 0.4859375 0.020833333333333332 0.0265625 0.03333333333333333
