2 0.43125 0.07708333333333334 0.046875 0.07708333333333334
0 0.24375 0.12083333333333333 0.0171875 0.05416666666666667
0 0.328125 0.11875 0.01875 0.05
2 0.346875 0.20625 0.103125 0.07708333333333334
2 0.2515625 0.03125 0.0390625 0.0375
2 0.375 0.041666666666666664 0.034375 0.0375
2 0.9484375 0.28541666666666665 0.1 0.07708333333333334
2 0.346875 0.07916666666666666 0.046875 0.05416666666666667
2 0.696875 0.21041666666666667 0.1015625 0.08541666666666667
2 0.3671875 0.1 0.046875 0.05416666666666667
