5 0.5921875 0.016666666666666666 0.034375 0.03333333333333333
2 0.5703125 0.04583333333333333 0.0265625 0.041666666666666664
2 0.4453125 0.04583333333333333 0.03125 0.03333333333333333
2 0.425 0.029166666666666667 0.03125 0.04583333333333333
2 0.365625 0.06875 0.0390625 0.041666666666666664
2 0.171875 0.22916666666666666 0.10625 0.10833333333333334
2 0.46875 0.0625 0.0375 0.04583333333333333
2 0.43125 0.0875 0.0421875 0.05
2 0.3765625 0.09375 0.046875 0.04583333333333333
5 0.4984375 0.016666666666666666 0.046875 0.03333333333333333
2 0.528125 0.09375 0.0453125 0.07916666666666666
2 0.2953125 0.10208333333333333 0.0578125 0.0625
6 0.140625 0.14375 0.1765625 0.2
