5 0.2546875 0.13125 0.1140625 0.15625
2 0.9546875 0.9166666666666666 0.0859375 0.16666666666666666
0 0.9609375 0.20208333333333334 0.0234375 0.07083333333333333
5 0.571875 0.06041666666666667 0.0421875 0.11041666666666666
2 0.2515625 0.03125 0.0390625 0.03333333333333333
2 0.51875 0.025 0.03125 0.04583333333333333
2 0.3796875 0.07291666666666667 0.05 0.06875
2 0.4890625 0.014583333333333334 0.025 0.03125
6 0.053125 0.21666666666666667 0.10625 0.2604166666666667
2 0.490625 0.04583333333333333 0.028125 0.0375
2 0.55625 0.17291666666666666 0.046875 0.06875
2 0.46875 0.34791666666666665 0.0828125 0.12708333333333333
2 0.46875 0.06875 0.0375 0.04583333333333333
2 0.4390625 0.09166666666666666 0.0390625 0.05
