2 0.50625 0.03333333333333333 0.03125 0.04583333333333333
2 0.4546875 0.016666666666666666 0.0203125 0.027083333333333334
2 0.3765625 0.06041666666666667 0.0375 0.0375
5 0.234375 0.10416666666666667 0.0546875 0.11041666666666666
2 0.425 0.035416666666666666 0.03125 0.041666666666666664
2 0.44375 0.04583333333333333 0.03125 0.0375
5 0.478125 0.020833333333333332 0.034375 0.041666666666666664
2 0.34375 0.37083333333333335 0.1078125 0.15208333333333332
2 0.4625 0.07083333333333333 0.034375 0.04583333333333333
6 0.2671875 0.09166666666666666 0.109375 0.12916666666666668
2 0.4296875 0.09375 0.046875 0.058333333333333334
2 0.2859375 0.15 0.0625 0.06875
2 0.3703125 0.09166666666666666 0.046875 0.058333333333333334
2 0.1640625 0.2125 0.1109375 0.12916666666666668
