2 0.5140625 0.025 0.028125 0.03125
2 0.2609375 0.14375 0.109375 0.13958333333333334
2 0.459375 0.03333333333333333 0.034375 0.04583333333333333
2 0.4921875 0.04583333333333333 0.03125 0.0375
2 0.1015625 0.7229166666666667 0.2046875 0.34375
2 0.4390625 0.42916666666666664 0.1078125 0.17291666666666666
2 0.4609375 0.06875 0.034375 0.041666666666666664
2 0.5453125 0.20208333333333334 0.046875 0.07083333333333333
2 0.428125 0.2375 0.0703125 0.09375
2 0.528125 0.10208333333333333 0.0390625 0.05416666666666667
