2 0.61875 0.014583333333333334 0.0234375 0.029166666666666667
5 0.5703125 0.029166666666666667 0.046875 0.058333333333333334
5 0.371875 0.041666666666666664 0.046875 0.08541666666666667
6 0.403125 0.041666666666666664 0.1 0.08333333333333333
2 0.1421875 0.9041666666666667 0.2734375 0.1875
2 0.921875 0.875 0.153125 0.24375
2 0.5375 0.09375 0.034375 0.04583333333333333
2 0.43125 0.0875 0.0421875 0.05416666666666667
2 0.4578125 0.20208333333333334 0.0578125 0.075
2 0.4640625 0.0625 0.0390625 0.04583333333333333
