2 0.2515625 0.03125 0.0390625 0.0375
5 0.5765625 0.01875 0.0234375 0.0375
2 0.4265625 0.05416666666666667 0.0375 0.05
2 0.4390625 0.08333333333333333 0.0421875 0.05416666666666667
2 0.41875 0.25833333333333336 0.084375 0.1
2 0.0515625 0.5104166666666666 0.103125 0.23333333333333334
2 0.4421875 0.022916666666666665 0.03125 0.041666666666666664
2 0.471875 0.05416666666666667 0.0390625 0.05416666666666667
2 0.546875 0.075 0.03125 0.041666666666666664
2 0.0921875 0.2375 0.0546875 0.07708333333333334
2 0.4953125 0.15416666666666667 0.05 0.06666666666666667
