2 0.5765625 0.020833333333333332 0.0203125 0.029166666666666667
2 0.0546875 0.3 0.109375 0.2125
2 0.4234375 0.09791666666666667 0.046875 0.0625
2 0.3984375 0.07708333333333334 0.0421875 0.05
2 0.4984375 0.14791666666666667 0.0421875 0.058333333333333334
2 0.453125 0.075 0.0390625 0.04583333333333333
2 0.3828125 0.30416666666666664 0.1 0.125
2 0.54375 0.075 0.028125 0.041666666666666664
2 0.5078125 0.03333333333333333 0.0265625 0.0375
2 0.53125 0.016666666666666666 0.03125 0.03333333333333333
2 0.4875 0.05 0.03125 0.0375
5 0.6015625 0.0375 0.0421875 0.07708333333333334
