0 0.828125 0.23125 0.01875 0.07708333333333334
0 0.184375 0.11041666666666666 0.0171875 0.05416666666666667
2 0.2515625 0.03125 0.0390625 0.03333333333333333
2 0.4375 0.08541666666666667 0.0453125 0.05416666666666667
2 0.3328125 0.05 0.053125 0.05
2 0.5796875 0.01875 0.0203125 0.029166666666666667
2 0.4734375 0.05625 0.0375 0.05
2 0.559375 0.04791666666666667 0.0265625 0.0375
2 0.3796875 0.08125 0.0421875 0.05416666666666667
2 0.5703125 0.09375 0.03125 0.04583333333333333
2 0.31875 0.0875 0.0546875 0.06875
2 0.115625 0.21458333333333332 0.0578125 0.07083333333333333
