2 0.3953125 0.04791666666666667 0.028125 0.03125
5 0.459375 0.029166666666666667 0.046875 0.058333333333333334
2 0.425 0.029166666666666667 0.034375 0.0375
2 0.6296875 0.008333333333333333 0.01875 0.01875
2 0.4921875 0.016666666666666666 0.028125 0.03333333333333333
2 0.2515625 0.03125 0.0390625 0.0375
2 0.571875 0.05416666666666667 0.0265625 0.0375
5 0.5453125 0.24791666666666667 0.090625 0.22291666666666668
2 0.3609375 0.06875 0.0390625 0.04583333333333333
2 0.3140625 0.09583333333333334 0.053125 0.05416666666666667
2 0.378125 0.0875 0.0453125 0.05416666666666667
6 0.7890625 0.29583333333333334 0.421875 0.3229166666666667
