5 0.384375 0.03958333333333333 0.034375 0.06875
5 0.6203125 0.014583333333333334 0.0265625 0.03125
2 0.6125 0.05 0.025 0.03333333333333333
2 0.4234375 0.09791666666666667 0.0390625 0.05416666666666667
2 0.2515625 0.03125 0.0390625 0.03333333333333333
2 0.45625 0.07708333333333334 0.034375 0.04583333333333333
2 0.575 0.13958333333333334 0.0390625 0.05416666666666667
6 0.4 0.0375 0.0625 0.075
2 0.6015625 0.08333333333333333 0.03125 0.041666666666666664
2 0.5296875 0.275 0.0625 0.11041666666666666
2 0.484375 0.05416666666666667 0.03125 0.0375
