2 0.4109375 0.07083333333333333 0.034375 0.04583333333333333
2 0.509375 0.0125 0.01875 0.020833333333333332
5 0.378125 0.08125 0.053125 0.06875
2 0.4625 0.03125 0.0265625 0.03125
6 0.3484375 0.05 0.0765625 0.1
2 0.434375 0.05 0.03125 0.041666666666666664
2 0.703125 0.22916666666666666 0.11875 0.0875
5 0.3296875 0.0625 0.0421875 0.08541666666666667
2 0.2515625 0.03125 0.0390625 0.03333333333333333
2 0.6421875 0.26666666666666666 0.1578125 0.10833333333333334
2 0.3625 0.21041666666666667 0.0984375 0.06875
5 0.484375 0.01875 0.0375 0.0375
2 0.9234375 0.30833333333333335 0.1453125 0.11666666666666667
2 0.16875 0.4625 0.1796875 0.175
2 0.13125 0.175 0.0921875 0.0625
2 0.46875 0.0625 0.0375 0.05
