5 0.4234375 0.09791666666666667 0.0390625 0.05416666666666667
2 0.59375 0.010416666666666666 0.01875 0.020833333333333332
2 0.446875 0.44583333333333336 0.109375 0.18541666666666667
2 0.4546875 0.07708333333333334 0.0390625 0.05
2 0.2515625 0.03125 0.0390625 0.03333333333333333
2 0.54375 0.20625 0.0578125 0.07708333333333334
2 0.596875 0.09375 0.03125 0.04583333333333333
5 0.6203125 0.014583333333333334 0.0265625 0.03125
2 0.4875 0.052083333333333336 0.03125 0.0375
2 0.5703125 0.041666666666666664 0.025 0.03333333333333333
