2 0.5171875 0.022916666666666665 0.03125 0.04583333333333333
0 0.940625 0.5 0.0375 0.12291666666666666
5 0.375 0.035416666666666666 0.0390625 0.06875
2 0.46875 0.0125 0.025 0.027083333333333334
2 0.490625 0.014583333333333334 0.0203125 0.027083333333333334
2 0.246875 0.1375 0.0625 0.06666666666666667
2 0.4890625 0.04583333333333333 0.03125 0.0375
4 0.2328125 0.0625 0.1765625 0.10625
2 0.46875 0.06875 0.034375 0.04583333333333333
2 0.4390625 0.09166666666666666 0.0390625 0.05
2 0.371875 0.09583333333333334 0.046875 0.05
2 0.275 0.14375 0.0828125 0.09375
