0 0.165625 0.10625 0.015625 0.04583333333333333
2 0.459375 0.0375 0.0265625 0.03333333333333333
2 0.4234375 0.035416666666666666 0.034375 0.04583333333333333
2 0.453125 0.020833333333333332 0.0265625 0.03333333333333333
2 0.4390625 0.08333333333333333 0.0421875 0.05416666666666667
2 0.4875 0.016666666666666666 0.025 0.03125
2 0.4109375 0.06875 0.0453125 0.05
2 0.615625 0.025 0.0203125 0.03333333333333333
2 0.5046875 0.0125 0.0234375 0.025
2 0.3703125 0.06666666666666667 0.0390625 0.041666666666666664
2 0.4734375 0.05416666666666667 0.0375 0.05416666666666667
2 0.3453125 0.11458333333333333 0.0546875 0.058333333333333334
2 0.2890625 0.11041666666666666 0.0546875 0.05416666666666667
2 0.178125 0.17083333333333334 0.078125 0.075
