5 0.45625 0.014583333333333334 0.028125 0.029166666666666667
2 0.2515625 0.03125 0.0390625 0.03333333333333333
0 0.90625 0.47708333333333336 0.03125 0.10833333333333334
2 0.4484375 0.04583333333333333 0.034375 0.0375
0 0.865625 0.4708333333333333 0.028125 0.10208333333333333
2 0.4078125 0.075 0.0421875 0.05
2 0.478125 0.1625 0.0578125 0.09375
6 0.3625 0.05 0.1015625 0.1
2 0.50625 0.010416666666666666 0.0203125 0.022916666666666665
2 0.1015625 0.7541666666666667 0.203125 0.34375
5 0.3390625 0.05625 0.053125 0.1
5 0.484375 0.020833333333333332 0.034375 0.041666666666666664
2 0.0421875 0.25416666666666665 0.0859375 0.11875
2 0.2703125 0.1625 0.071875 0.06875
