2 0.434375 0.052083333333333336 0.03125 0.03333333333333333
0 0.878125 0.4270833333333333 0.034375 0.1
2 0.4375 0.08333333333333333 0.0453125 0.05416666666666667
2 0.3921875 0.05625 0.0390625 0.0375
2 0.5875 0.07708333333333334 0.0265625 0.041666666666666664
2 0.3046875 0.42291666666666666 0.125 0.17291666666666666
2 0.0390625 0.26666666666666666 0.0796875 0.11666666666666667
2 0.4890625 0.15625 0.05 0.06875
2 0.5015625 0.0125 0.0265625 0.025
2 0.3609375 0.10208333333333333 0.0546875 0.058333333333333334
2 0.4734375 0.05416666666666667 0.0375 0.05416666666666667
2 0.4140625 0.50625 0.1296875 0.21666666666666667
2 0.25 0.12916666666666668 0.078125 0.07916666666666666
