0 0.165625 0.09375 0.0125 0.04583333333333333
0 0.6484375 0.14791666666666667 0.01875 0.04583333333333333
2 0.421875 0.1 0.0421875 0.05416666666666667
2 0.38125 0.09166666666666666 0.0390625 0.04583333333333333
6 0.340625 0.058333333333333334 0.09375 0.11666666666666667
2 0.2515625 0.027083333333333334 0.0390625 0.03125
2 0.5 0.0125 0.025 0.027083333333333334
2 0.5609375 0.04583333333333333 0.0265625 0.0375
2 0.275 0.19791666666666666 0.1 0.058333333333333334
2 0.7125 0.2791666666666667 0.1265625 0.08541666666666667
