0 0.1578125 0.10833333333333334 0.0125 0.05416666666666667
2 0.4546875 0.016666666666666666 0.0203125 0.03125
2 0.4671875 0.03333333333333333 0.028125 0.03333333333333333
2 0.428125 0.058333333333333334 0.034375 0.041666666666666664
2 0.3921875 0.05416666666666667 0.03125 0.0375
2 0.4328125 0.03125 0.034375 0.041666666666666664
2 0.5890625 0.0125 0.01875 0.027083333333333334
2 0.4859375 0.016666666666666666 0.0265625 0.03125
2 0.4390625 0.08333333333333333 0.0421875 0.05416666666666667
2 0.50625 0.0125 0.0203125 0.025
2 0.609375 0.04583333333333333 0.025 0.0375
2 0.4703125 0.05416666666666667 0.0390625 0.05416666666666667
2 0.378125 0.0875 0.0421875 0.05416666666666667
2 0.2375 0.1375 0.0640625 0.0625
2 0.3296875 0.08541666666666667 0.0453125 0.05
