0 0.7984375 0.28958333333333336 0.0203125 0.07083333333333333
2 0.3234375 0.675 0.203125 0.33125
2 0.0578125 0.29583333333333334 0.115625 0.21875
2 0.3765625 0.041666666666666664 0.0390625 0.0375
2 0.5078125 0.010416666666666666 0.03125 0.020833333333333332
2 0.3875 0.08541666666666667 0.034375 0.04583333333333333
2 0.5890625 0.11458333333333333 0.034375 0.05
2 0.2515625 0.03125 0.0390625 0.03333333333333333
2 0.453125 0.041666666666666664 0.03125 0.0375
2 0.546875 0.18958333333333333 0.05 0.075
2 0.5703125 0.04583333333333333 0.025 0.0375
2 0.525 0.10625 0.0390625 0.05
5 0.1375 0.15 0.075 0.13541666666666666
2 0.303125 0.13958333333333334 0.0578125 0.06666666666666667
6 0.1859375 0.12291666666666666 0.153125 0.16875
