2 0.4171875 0.0625 0.0375 0.05
0 0.834375 0.2520833333333333 0.025 0.07708333333333334
2 0.51875 0.022916666666666665 0.03125 0.04583333333333333
2 0.490625 0.04583333333333333 0.028125 0.0375
2 0.58125 0.0125 0.01875 0.027083333333333334
2 0.4796875 0.022916666666666665 0.028125 0.03333333333333333
2 0.2515625 0.03125 0.0390625 0.0375
2 0.584375 0.08125 0.0265625 0.0375
2 0.46875 0.06875 0.0375 0.04583333333333333
2 0.534375 0.21041666666666667 0.0625 0.10625
2 0.4390625 0.09375 0.0390625 0.05
2 0.43125 0.22708333333333333 0.0703125 0.09375
2 0.5234375 0.09375 0.046875 0.0875
2 0.2828125 0.15208333333333332 0.0640625 0.06875
2 0.3296875 0.09375 0.05 0.05
