2 0.375 0.09583333333333334 0.046875 0.05
2 0.2515625 0.03125 0.0390625 0.03333333333333333
2 0.4125 0.03125 0.0421875 0.058333333333333334
2 0.459375 0.016666666666666666 0.0265625 0.027083333333333334
2 0.4421875 0.041666666666666664 0.0390625 0.04583333333333333
2 0.590625 0.05 0.0265625 0.0375
2 0.440625 0.22916666666666666 0.06875 0.09166666666666666
2 0.30625 0.10208333333333333 0.0546875 0.05416666666666667
2 0.146875 0.18333333333333332 0.09375 0.09166666666666666
2 0.25625 0.15833333333333333 0.0875 0.1
