5 0.5078125 0.03333333333333333 0.03125 0.04583333333333333
2 0.4546875 0.016666666666666666 0.0203125 0.027083333333333334
5 0.4796875 0.020833333333333332 0.034375 0.041666666666666664
2 0.3796875 0.058333333333333334 0.034375 0.0375
6 0.275 0.08541666666666667 0.103125 0.125
2 0.4265625 0.03333333333333333 0.03125 0.041666666666666664
5 0.2421875 0.10208333333333333 0.0578125 0.10625
2 0.4625 0.07083333333333333 0.034375 0.04583333333333333
2 0.3125 0.425 0.11875 0.16666666666666666
2 0.4484375 0.04375 0.03125 0.03333333333333333
2 0.4296875 0.09375 0.046875 0.058333333333333334
2 0.3765625 0.08541666666666667 0.0453125 0.05416666666666667
2 0.1875 0.19791666666666666 0.103125 0.12291666666666666
2 0.3 0.14166666666666666 0.0625 0.06666666666666667
