2 0.496875 0.041666666666666664 0.03125 0.0375
2 0.48125 0.020833333333333332 0.03125 0.0375
2 0.5234375 0.020833333333333332 0.0265625 0.03333333333333333
2 0.346875 0.09375 0.078125 0.10833333333333334
2 0.0265625 0.33958333333333335 0.0546875 0.12708333333333333
2 0.4375 0.035416666666666666 0.0453125 0.06875
2 0.41875 0.1 0.046875 0.058333333333333334
2 0.4515625 0.39791666666666664 0.0921875 0.13958333333333334
2 0.4625 0.06875 0.0375 0.041666666666666664
2 0.15625 0.6208333333333333 0.203125 0.26666666666666666
2 0.4484375 0.21666666666666667 0.06875 0.09375
