0 0.8421875 0.39791666666666664 0.025 0.0875
2 0.2765625 0.16458333333333333 0.071875 0.0625
6 0.275 0.08541666666666667 0.1765625 0.17291666666666666
2 0.5609375 0.03958333333333333 0.0265625 0.04583333333333333
0 0.8703125 0.4041666666666667 0.028125 0.1
2 0.3734375 0.09791666666666667 0.046875 0.05
2 0.50625 0.010416666666666666 0.0203125 0.022916666666666665
2 0.4484375 0.0375 0.0390625 0.058333333333333334
2 0.2390625 0.5395833333333333 0.16875 0.23958333333333334
2 0.4796875 0.022916666666666665 0.0265625 0.03333333333333333
2 0.4484375 0.21666666666666667 0.0578125 0.07708333333333334
