0 0.7390625 0.12916666666666668 0.01875 0.058333333333333334
0 0.765625 0.13333333333333333 0.015625 0.05416666666666667
0 0.703125 0.15833333333333333 0.01875 0.05416666666666667
2 0.4046875 0.03333333333333333 0.0390625 0.0375
2 0.36875 0.0625 0.0390625 0.041666666666666664
2 0.2515625 0.03125 0.0390625 0.03333333333333333
5 0.540625 0.15208333333333332 0.0859375 0.1
2 0.609375 0.26666666666666666 0.1265625 0.07708333333333334
2 0.1609375 0.18541666666666667 0.0921875 0.0625
2 0.3640625 0.09791666666666667 0.046875 0.05416666666666667
2 0.3140625 0.08958333333333333 0.0609375 0.06875
6 0.6125 0.16458333333333333 0.1796875 0.20208333333333334
