2 0.584375 0.010416666666666666 0.01875 0.022916666666666665
2 0.4234375 0.09791666666666667 0.0390625 0.05416666666666667
5 0.3234375 0.06458333333333334 0.090625 0.11666666666666667
2 0.4140625 0.06666666666666667 0.046875 0.058333333333333334
1 0.203125 0.1125 0.0265625 0.05
2 0.5453125 0.008333333333333333 0.0203125 0.016666666666666666
2 0.2515625 0.03125 0.0390625 0.03333333333333333
2 0.4609375 0.016666666666666666 0.03125 0.03333333333333333
2 0.56875 0.03125 0.0234375 0.03333333333333333
5 0.2984375 0.08541666666666667 0.046875 0.08541666666666667
2 0.5375 0.07916666666666666 0.03125 0.05
2 0.45625 0.07708333333333334 0.0375 0.04583333333333333
2 0.421875 0.44375 0.103125 0.16458333333333333
2 0.4859375 0.022916666666666665 0.028125 0.03333333333333333
2 0.25 0.17083333333333334 0.0828125 0.08333333333333333
5 0.621875 0.014583333333333334 0.0265625 0.03125
2 0.4921875 0.15416666666666667 0.0453125 0.06666666666666667
