0 0.9296875 0.20208333333333334 0.0234375 0.06875
0 0.75 0.16458333333333333 0.01875 0.05416666666666667
0 0.7171875 0.12916666666666668 0.0171875 0.05416666666666667
0 0.6890625 0.16458333333333333 0.01875 0.058333333333333334
0 0.78125 0.12916666666666668 0.01875 0.0625
2 0.36875 0.06458333333333334 0.0390625 0.0375
2 0.2515625 0.03125 0.0390625 0.03333333333333333
2 0.290625 0.06875 0.0578125 0.05
2 0.5734375 0.027083333333333334 0.0234375 0.03125
2 0.3640625 0.09791666666666667 0.046875 0.05416666666666667
2 0.1109375 0.17708333333333334 0.0875 0.058333333333333334
2 0.3140625 0.08958333333333333 0.0609375 0.06875
6 0.5375 0.11458333333333333 0.0953125 0.16041666666666668
