0 0.6875 0.13958333333333334 0.0125 0.05416666666666667
5 0.31875 0.075 0.0609375 0.0875
0 0.79375 0.16875 0.0203125 0.05
2 0.5109375 0.008333333333333333 0.0265625 0.016666666666666666
2 0.2515625 0.03125 0.0390625 0.03333333333333333
2 0.49375 0.014583333333333334 0.0265625 0.03125
2 0.4640625 0.035416666666666666 0.028125 0.03333333333333333
2 0.6265625 0.18958333333333333 0.0859375 0.06875
2 0.584375 0.11458333333333333 0.03125 0.05
2 0.578125 0.03333333333333333 0.025 0.03333333333333333
2 0.3765625 0.09166666666666666 0.0453125 0.05
