2 0.3921875 0.04791666666666667 0.0265625 0.03125
2 0.509375 0.010416666666666666 0.0265625 0.020833333333333332
0 0.53125 0.125 0.015625 0.05
2 0.425 0.029166666666666667 0.034375 0.0375
5 0.459375 0.029166666666666667 0.046875 0.058333333333333334
5 0.60625 0.0375 0.03125 0.06666666666666667
2 0.2515625 0.03125 0.0390625 0.0375
2 0.8578125 0.2604166666666667 0.134375 0.06875
2 0.4921875 0.016666666666666666 0.03125 0.03333333333333333
2 0.4609375 0.23125 0.1015625 0.08333333333333333
2 0.3609375 0.06875 0.0390625 0.04583333333333333
2 0.6890625 0.2125 0.1015625 0.075
2 0.3140625 0.09583333333333334 0.053125 0.05416666666666667
2 0.378125 0.0875 0.0453125 0.05416666666666667
2 0.853125 0.3125 0.1375 0.09166666666666666
2 0.09375 0.1625 0.0921875 0.06875
