2 0.39375 0.04791666666666667 0.0265625 0.03125
2 0.509375 0.010416666666666666 0.0265625 0.020833333333333332
2 0.4265625 0.029166666666666667 0.03125 0.0375
5 0.459375 0.029166666666666667 0.046875 0.058333333333333334
2 0.009375 0.14375 0.01875 0.06875
2 0.2515625 0.03125 0.0390625 0.03333333333333333
2 0.4921875 0.016666666666666666 0.028125 0.03333333333333333
5 0.9296875 0.22083333333333333 0.1375 0.20208333333333334
2 0.3609375 0.06875 0.0390625 0.041666666666666664
2 0.6515625 0.2 0.09375 0.07083333333333333
2 0.5921875 0.1 0.028125 0.04583333333333333
2 0.809375 0.4270833333333333 0.2125 0.15416666666666667
2 0.3140625 0.09583333333333334 0.053125 0.05416666666666667
2 0.378125 0.08958333333333333 0.0453125 0.05
