0 0.815625 0.17083333333333334 0.015625 0.05416666666666667
0 0.7015625 0.13958333333333334 0.0125 0.05
5 0.315625 0.07291666666666667 0.05 0.08541666666666667
2 0.5109375 0.008333333333333333 0.0265625 0.01875
2 0.2515625 0.03125 0.0390625 0.03333333333333333
2 0.4640625 0.035416666666666666 0.028125 0.03333333333333333
2 0.49375 0.014583333333333334 0.0265625 0.03125
2 0.584375 0.01875 0.0203125 0.029166666666666667
2 0.5890625 0.09375 0.03125 0.04583333333333333
2 0.3765625 0.09166666666666666 0.0421875 0.05
2 0.5859375 0.16458333333333333 0.06875 0.0625
