2 0.1953125 0.2125 0.1 0.10208333333333333
2 0.1828125 0.16875 0.0828125 0.07708333333333334
2 0.09375 0.7895833333333333 0.1875 0.3770833333333333
2 0.2046875 0.8583333333333333 0.296875 0.2791666666666667
2 0.45625 0.041666666666666664 0.03125 0.0375
2 0.4046875 0.2708333333333333 0.0828125 0.10625
2 0.421875 0.041666666666666664 0.03125 0.03333333333333333
2 0.4390625 0.08333333333333333 0.0421875 0.05416666666666667
2 0.55625 0.15 0.0421875 0.058333333333333334
2 0.403125 0.075 0.0453125 0.05
2 0.503125 0.0125 0.0265625 0.025
2 0.471875 0.05416666666666667 0.0390625 0.05416666666666667
2 0.3203125 0.09166666666666666 0.0578125 0.06666666666666667
