2 0.428125 0.05625 0.0390625 0.05416666666666667
2 0.4171875 0.09583333333333334 0.05 0.0625
2 0.315625 0.04791666666666667 0.078125 0.07708333333333334
5 0.3625 0.08125 0.0625 0.09375
2 0.490625 0.04583333333333333 0.03125 0.0375
6 0.0671875 0.2875 0.134375 0.24375
2 0.5734375 0.027083333333333334 0.025 0.03333333333333333
2 0.584375 0.10625 0.03125 0.04583333333333333
2 0.4265625 0.24166666666666667 0.078125 0.10208333333333333
2 0.4625 0.06875 0.0375 0.041666666666666664
2 0.3984375 0.5 0.11875 0.18958333333333333
2 0.53125 0.0875 0.034375 0.04583333333333333
2 0.2546875 0.49166666666666664 0.153125 0.20416666666666666
2 0.5515625 0.18333333333333332 0.046875 0.0625
