2 0.425 0.03333333333333333 0.034375 0.04583333333333333
0 0.1640625 0.10625 0.0125 0.04583333333333333
2 0.453125 0.020833333333333332 0.0265625 0.03333333333333333
2 0.4640625 0.0375 0.03125 0.0375
2 0.4390625 0.08333333333333333 0.0421875 0.05416666666666667
2 0.415625 0.06875 0.0390625 0.05
2 0.1859375 0.16458333333333333 0.0765625 0.07083333333333333
2 0.5046875 0.0125 0.0234375 0.025
2 0.6140625 0.029166666666666667 0.0203125 0.03333333333333333
2 0.4859375 0.016666666666666666 0.0265625 0.03125
2 0.4734375 0.05416666666666667 0.0375 0.05416666666666667
2 0.3765625 0.0625 0.0390625 0.041666666666666664
2 0.2984375 0.10625 0.05 0.05416666666666667
2 0.3515625 0.10833333333333334 0.0546875 0.05416666666666667
