0 0.7265625 0.14583333333333334 0.015625 0.058333333333333334
0 0.8859375 0.40625 0.0375 0.10625
2 0.2515625 0.03125 0.0390625 0.03333333333333333
2 0.471875 0.0125 0.028125 0.025
2 0.565625 0.0375 0.025 0.041666666666666664
2 0.446875 0.21875 0.0703125 0.08541666666666667
5 0.58125 0.014583333333333334 0.0234375 0.029166666666666667
2 0.078125 0.36041666666666666 0.0859375 0.12708333333333333
2 0.4515625 0.0375 0.034375 0.04583333333333333
2 0.2921875 0.43333333333333335 0.15625 0.1875
2 0.4734375 0.05416666666666667 0.0375 0.05416666666666667
2 0.5203125 0.11458333333333333 0.034375 0.05
