6 0.3765625 0.041666666666666664 0.0625 0.08541666666666667
2 0.4609375 0.041666666666666664 0.03125 0.03125
2 0.465625 0.014583333333333334 0.0265625 0.03125
2 0.4875 0.014583333333333334 0.0234375 0.027083333333333334
4 0.190625 0.06666666666666667 0.1765625 0.09791666666666667
2 0.4171875 0.06875 0.0375 0.04583333333333333
2 0.4890625 0.04791666666666667 0.03125 0.0375
0 0.9171875 0.45625 0.034375 0.11041666666666666
2 0.46875 0.06875 0.0375 0.04583333333333333
5 0.365625 0.041666666666666664 0.0453125 0.08541666666666667
2 0.1859375 0.2 0.1109375 0.12916666666666668
2 0.4390625 0.09166666666666666 0.0390625 0.05
2 0.1671875 0.5979166666666667 0.1890625 0.2520833333333333
2 0.3296875 0.12083333333333333 0.0578125 0.058333333333333334
