2 0.4484375 0.07291666666666667 0.0375 0.05
2 0.5171875 0.008333333333333333 0.0203125 0.016666666666666666
6 0.3921875 0.0375 0.046875 0.058333333333333334
5 0.4203125 0.09791666666666667 0.046875 0.0625
2 0.2515625 0.03125 0.0390625 0.03333333333333333
5 0.359375 0.0625 0.0671875 0.07083333333333333
2 0.4546875 0.041666666666666664 0.034375 0.03333333333333333
2 0.56875 0.029166666666666667 0.0234375 0.03125
2 0.440625 0.24166666666666667 0.078125 0.10208333333333333
2 0.5484375 0.06458333333333334 0.0265625 0.03333333333333333
2 0.28125 0.45208333333333334 0.1421875 0.1875
2 0.51875 0.12708333333333333 0.0421875 0.05416666666666667
2 0.25 0.17083333333333334 0.078125 0.07708333333333334
