2 0.4125 0.06875 0.0421875 0.05
0 0.4484375 0.12916666666666668 0.0171875 0.05416666666666667
2 0.2515625 0.03125 0.0390625 0.03333333333333333
2 0.4484375 0.04583333333333333 0.03125 0.0375
2 0.0703125 0.16458333333333333 0.084375 0.06666666666666667
5 0.309375 0.08333333333333333 0.046875 0.07708333333333334
2 0.5703125 0.041666666666666664 0.0265625 0.03333333333333333
2 0.7109375 0.22708333333333333 0.109375 0.07708333333333334
2 0.65625 0.2791666666666667 0.121875 0.08541666666666667
2 0.590625 0.09791666666666667 0.0265625 0.041666666666666664
2 0.371875 0.21666666666666667 0.1265625 0.07083333333333333
2 0.3578125 0.10833333333333334 0.05 0.05
