2 0.5171875 0.022916666666666665 0.03125 0.04583333333333333
0 0.9609375 0.55625 0.0421875 0.13958333333333334
5 0.38125 0.0375 0.0390625 0.075
2 0.490625 0.016666666666666666 0.0203125 0.029166666666666667
0 0.1703125 0.10833333333333334 0.0203125 0.058333333333333334
2 0.46875 0.0125 0.025 0.027083333333333334
2 0.2875 0.11041666666666666 0.05 0.058333333333333334
2 0.4890625 0.04583333333333333 0.03125 0.0375
2 0.39375 0.08125 0.0421875 0.04583333333333333
2 0.4484375 0.04791666666666667 0.034375 0.0375
2 0.4671875 0.06875 0.034375 0.04583333333333333
4 0.2734375 0.05416666666666667 0.1484375 0.10625
2 0.4390625 0.09375 0.0390625 0.05
2 0.328125 0.11666666666666667 0.06875 0.07916666666666666
