0 0.8234375 0.28541666666666665 0.01875 0.07708333333333334
2 0.3828125 0.5395833333333333 0.153125 0.23541666666666666
0 0.7984375 0.2875 0.0171875 0.07083333333333333
2 0.5046875 0.010416666666666666 0.028125 0.022916666666666665
2 0.2515625 0.03125 0.0390625 0.03333333333333333
5 0.1109375 0.16458333333333333 0.078125 0.14583333333333334
2 0.446875 0.04583333333333333 0.03125 0.0375
6 0.1625 0.13541666666666666 0.165625 0.17708333333333334
2 0.5734375 0.03958333333333333 0.025 0.03333333333333333
2 0.59375 0.1 0.034375 0.05
2 0.3671875 0.04583333333333333 0.0390625 0.03333333333333333
2 0.378125 0.09166666666666666 0.0421875 0.04583333333333333
2 0.553125 0.16875 0.0453125 0.06875
2 0.5328125 0.09375 0.034375 0.05
2 0.2828125 0.15 0.0671875 0.06875
