2 0.46875 0.010416666666666666 0.03125 0.020833333333333332
2 0.45625 0.075 0.0375 0.04583333333333333
2 0.05 0.8583333333333333 0.1015625 0.275
2 0.253125 0.03125 0.0375 0.03333333333333333
2 0.5875 0.010416666666666666 0.01875 0.020833333333333332
2 0.0375 0.325 0.075 0.1375
2 0.440625 0.025 0.0375 0.04583333333333333
2 0.4546875 0.041666666666666664 0.034375 0.0375
2 0.1484375 0.8895833333333333 0.2703125 0.21666666666666667
2 0.5328125 0.014583333333333334 0.0234375 0.029166666666666667
5 0.2171875 0.12083333333333333 0.0578125 0.10833333333333334
2 0.3765625 0.058333333333333334 0.0421875 0.041666666666666664
2 0.5625 0.0375 0.025 0.0375
5 0.6203125 0.014583333333333334 0.0265625 0.03125
6 0.25 0.1 0.1140625 0.13958333333333334
2 0.3359375 0.11041666666666666 0.0546875 0.06875
2 0.5328125 0.0875 0.03125 0.05
2 0.51875 0.23125 0.0546875 0.07708333333333334
