5 0.590625 0.07083333333333333 0.0421875 0.11666666666666667
2 0.371875 0.06041666666666667 0.0390625 0.041666666666666664
2 0.440625 0.04375 0.0375 0.041666666666666664
2 0.3765625 0.08541666666666667 0.05 0.06875
2 0.4609375 0.016666666666666666 0.025 0.027083333333333334
4 0.0734375 0.1375 0.1484375 0.14583333333333334
2 0.6484375 0.26458333333333334 0.153125 0.10833333333333334
2 0.775 0.23958333333333334 0.109375 0.07916666666666666
2 0.4640625 0.06666666666666667 0.034375 0.041666666666666664
2 0.328125 0.09166666666666666 0.05 0.05
