0 0.784375 0.2375 0.015625 0.07708333333333334
2 0.2515625 0.03125 0.0390625 0.03333333333333333
2 0.9234375 0.875 0.15 0.24375
2 0.503125 0.010416666666666666 0.025 0.020833333333333332
2 0.5796875 0.022916666666666665 0.0203125 0.03333333333333333
2 0.409375 0.275 0.078125 0.09791666666666667
2 0.1109375 0.7645833333333333 0.2234375 0.42291666666666666
2 0.4734375 0.05416666666666667 0.0375 0.05416666666666667
2 0.553125 0.05416666666666667 0.03125 0.05
2 0.521875 0.10208333333333333 0.0375 0.0625
