2 0.4390625 0.08333333333333333 0.0421875 0.058333333333333334
2 0.5875 0.0125 0.0203125 0.025
2 0.453125 0.041666666666666664 0.03125 0.0375
2 0.371875 0.3145833333333333 0.09375 0.125
2 0.4703125 0.3645833333333333 0.090625 0.14583333333333334
2 0.140625 0.18958333333333333 0.09375 0.08541666666666667
2 0.4859375 0.16666666666666666 0.0578125 0.08333333333333333
2 0.5890625 0.10833333333333334 0.034375 0.05
2 0.55 0.07291666666666667 0.03125 0.041666666666666664
2 0.4734375 0.05416666666666667 0.0375 0.05416666666666667
2 0.2375 0.17916666666666667 0.0796875 0.07708333333333334
