2 0.2515625 0.03125 0.0390625 0.03333333333333333
2 0.5015625 0.010416666666666666 0.0203125 0.022916666666666665
2 0.5796875 0.014583333333333334 0.0203125 0.03125
2 0.453125 0.075 0.0390625 0.05
2 0.465625 0.18333333333333332 0.053125 0.07083333333333333
2 0.5078125 0.03333333333333333 0.0265625 0.03333333333333333
2 0.5296875 0.016666666666666666 0.03125 0.03333333333333333
2 0.4875 0.05 0.03125 0.0375
5 0.565625 0.11458333333333333 0.075 0.15
2 0.365625 0.08541666666666667 0.0609375 0.07916666666666666
