2 0.453125 0.041666666666666664 0.03125 0.03333333333333333
2 0.6265625 0.010416666666666666 0.01875 0.022916666666666665
2 0.3453125 0.6 0.1609375 0.26666666666666666
2 0.3984375 0.04583333333333333 0.0421875 0.04583333333333333
2 0.4375 0.08333333333333333 0.0453125 0.05416666666666667
2 0.4796875 0.025 0.0265625 0.029166666666666667
2 0.4484375 0.025 0.03125 0.03333333333333333
2 0.50625 0.0125 0.025 0.025
2 0.4734375 0.05416666666666667 0.0375 0.05416666666666667
2 0.065625 0.23125 0.1078125 0.1
2 0.33125 0.0875 0.046875 0.05
2 0.378125 0.09166666666666666 0.046875 0.05416666666666667
2 0.2203125 0.14791666666666667 0.06875 0.0625
2 0.2671875 0.16041666666666668 0.0765625 0.07708333333333334
