0 0.878125 0.41875 0.0265625 0.1
5 0.4296875 0.022916666666666665 0.034375 0.04583333333333333
2 0.8375 0.9083333333333333 0.3203125 0.18333333333333332
2 0.509375 0.008333333333333333 0.0203125 0.01875
5 0.253125 0.09166666666666666 0.06875 0.12708333333333333
2 0.396875 0.07916666666666666 0.0421875 0.04583333333333333
6 0.3078125 0.07291666666666667 0.153125 0.14583333333333334
2 0.55 0.058333333333333334 0.034375 0.05416666666666667
2 0.3203125 0.12708333333333333 0.0578125 0.06875
2 0.4078125 0.28125 0.078125 0.1
2 0.1109375 0.7729166666666667 0.2234375 0.375
2 0.4625 0.029166666666666667 0.0375 0.05416666666666667
2 0.4890625 0.016666666666666666 0.025 0.03125
