0 0.184375 0.11041666666666666 0.01875 0.05416666666666667
0 0.828125 0.25416666666666665 0.01875 0.07708333333333334
2 0.2515625 0.03125 0.0390625 0.03333333333333333
2 0.4375 0.08333333333333333 0.0453125 0.05416666666666667
2 0.4015625 0.03125 0.0390625 0.041666666666666664
2 0.5828125 0.0125 0.0203125 0.027083333333333334
2 0.090625 0.375 0.109375 0.15
2 0.5609375 0.04791666666666667 0.0265625 0.03333333333333333
2 0.540625 0.17291666666666666 0.046875 0.06875
2 0.028125 0.15416666666666667 0.0578125 0.075
2 0.471875 0.05625 0.0390625 0.05
2 0.38125 0.08125 0.0390625 0.05416666666666667
2 0.53125 0.09375 0.034375 0.05
2 0.3359375 0.08125 0.05 0.058333333333333334
