2 0.8546875 0.9125 0.284375 0.17083333333333334
0 0.815625 0.3333333333333333 0.01875 0.08333333333333333
6 0.3359375 0.058333333333333334 0.0875 0.10833333333333334
2 0.065625 0.28958333333333336 0.1328125 0.12708333333333333
2 0.15625 0.8875 0.2828125 0.22083333333333333
2 0.4203125 0.06666666666666667 0.03125 0.04583333333333333
2 0.2515625 0.03125 0.0390625 0.03333333333333333
2 0.3296875 0.10625 0.06875 0.09791666666666667
6 0.090625 0.18125 0.18125 0.26875
2 0.4734375 0.375 0.09375 0.15208333333333332
2 0.4 0.2916666666666667 0.0921875 0.12291666666666666
2 0.5140625 0.1375 0.0421875 0.058333333333333334
2 0.4953125 0.014583333333333334 0.025 0.029166666666666667
2 0.5625 0.05416666666666667 0.0265625 0.0375
2 0.446875 0.0125 0.0265625 0.027083333333333334
2 0.4640625 0.035416666666666666 0.028125 0.03333333333333333
