2 0.5109375 0.010416666666666666 0.025 0.020833333333333332
2 0.3921875 0.04791666666666667 0.0265625 0.03125
2 0.425 0.029166666666666667 0.034375 0.0375
6 0.90625 0.23125 0.184375 0.26875
5 0.80625 0.20208333333333334 0.1265625 0.1875
5 0.459375 0.029166666666666667 0.046875 0.058333333333333334
2 0.4921875 0.016666666666666666 0.028125 0.03333333333333333
2 0.2515625 0.03125 0.0390625 0.0375
2 0.60625 0.058333333333333334 0.0265625 0.0375
2 0.58125 0.14583333333333334 0.053125 0.058333333333333334
2 0.3609375 0.06875 0.0390625 0.04583333333333333
2 0.49375 0.40208333333333335 0.1875 0.13958333333333334
5 0.8796875 0.30625 0.1421875 0.24583333333333332
2 0.3140625 0.09583333333333334 0.053125 0.05416666666666667
2 0.378125 0.0875 0.0453125 0.05416666666666667
