2 0.053125 0.2833333333333333 0.10625 0.22083333333333333
2 0.3046875 0.06666666666666667 0.0453125 0.0375
5 0.621875 0.014583333333333334 0.0265625 0.03125
2 0.4375 0.24583333333333332 0.075 0.09166666666666666
2 0.45625 0.07708333333333334 0.0375 0.04583333333333333
2 0.2515625 0.03125 0.0390625 0.03333333333333333
2 0.53125 0.09791666666666667 0.034375 0.04583333333333333
2 0.5 0.041666666666666664 0.028125 0.0375
2 0.59375 0.06875 0.025 0.0375
2 0.2796875 0.10833333333333334 0.0703125 0.08333333333333333
2 0.540625 0.13333333333333333 0.0390625 0.05416666666666667
