6 0.371875 0.03958333333333333 0.075 0.07916666666666666
2 0.2515625 0.03125 0.0390625 0.03333333333333333
2 0.484375 0.01875 0.0234375 0.027083333333333334
2 0.465625 0.014583333333333334 0.025 0.03125
4 0.125 0.07083333333333333 0.2078125 0.09375
0 0.9 0.42291666666666666 0.0390625 0.11458333333333333
5 0.353125 0.05 0.046875 0.09166666666666666
2 0.4515625 0.04583333333333333 0.028125 0.03333333333333333
2 0.490625 0.04583333333333333 0.028125 0.0375
2 0.0546875 0.8458333333333333 0.109375 0.2916666666666667
2 0.325 0.37916666666666665 0.109375 0.15625
2 0.3859375 0.08541666666666667 0.0375 0.05
2 0.46875 0.06875 0.0375 0.04583333333333333
2 0.4390625 0.09166666666666666 0.0390625 0.05
2 0.075 0.2708333333333333 0.15 0.17083333333333334
2 0.271875 0.15833333333333333 0.0703125 0.07083333333333333
