2 0.4484375 0.075 0.0390625 0.05
5 0.421875 0.09791666666666667 0.05 0.06666666666666667
5 0.6046875 0.020833333333333332 0.03125 0.041666666666666664
2 0.2515625 0.03125 0.0390625 0.03333333333333333
2 0.2125 0.15208333333333332 0.071875 0.06875
6 0.55625 0.041666666666666664 0.0421875 0.08333333333333333
2 0.484375 0.16458333333333333 0.05 0.06875
2 0.59375 0.10208333333333333 0.034375 0.04583333333333333
2 0.3234375 0.3770833333333333 0.1421875 0.19791666666666666
2 0.35625 0.5854166666666667 0.1734375 0.28125
2 0.4796875 0.05 0.034375 0.041666666666666664
