2 0.55 0.08125 0.03125 0.041666666666666664
0 0.8078125 0.3104166666666667 0.01875 0.075
0 0.8328125 0.3145833333333333 0.0203125 0.08333333333333333
2 0.4328125 0.058333333333333334 0.034375 0.041666666666666664
2 0.4171875 0.027083333333333334 0.028125 0.03333333333333333
2 0.4625 0.36875 0.09375 0.14583333333333334
2 0.5546875 0.19791666666666666 0.05 0.07083333333333333
6 0.275 0.08541666666666667 0.115625 0.12916666666666668
2 0.2265625 0.17291666666666666 0.1015625 0.11666666666666667
2 0.478125 0.175 0.0546875 0.07708333333333334
2 0.584375 0.020833333333333332 0.01875 0.029166666666666667
2 0.478125 0.022916666666666665 0.0265625 0.03125
2 0.3734375 0.09375 0.0421875 0.05416666666666667
