0 0.171875 0.12083333333333333 0.0171875 0.04583333333333333
2 0.4234375 0.06041666666666667 0.034375 0.041666666666666664
2 0.571875 0.027083333333333334 0.0234375 0.03125
4 0.346875 0.041666666666666664 0.1078125 0.08541666666666667
2 0.5015625 0.010416666666666666 0.0203125 0.022916666666666665
2 0.203125 0.5708333333333333 0.1953125 0.2520833333333333
2 0.4484375 0.21666666666666667 0.0625 0.07916666666666666
2 0.43125 0.0875 0.0421875 0.05416666666666667
2 0.465625 0.0625 0.0390625 0.04583333333333333
2 0.5296875 0.1 0.034375 0.05
