0 0.0984375 0.08541666666666667 0.015625 0.04583333333333333
0 0.078125 0.12916666666666668 0.01875 0.058333333333333334
2 0.459375 0.016666666666666666 0.01875 0.029166666666666667
2 0.44375 0.04583333333333333 0.03125 0.03333333333333333
2 0.4390625 0.08541666666666667 0.0421875 0.05416666666666667
2 0.4875 0.016666666666666666 0.0265625 0.03125
2 0.434375 0.029166666666666667 0.034375 0.04583333333333333
2 0.3765625 0.0625 0.0375 0.041666666666666664
2 0.5484375 0.075 0.0265625 0.041666666666666664
2 0.5046875 0.0125 0.0234375 0.025
2 0.4703125 0.05416666666666667 0.0390625 0.05416666666666667
2 0.4078125 0.07083333333333333 0.0421875 0.05
2 0.065625 0.25 0.1328125 0.09166666666666666
2 0.3453125 0.21666666666666667 0.109375 0.075
2 0.3234375 0.09166666666666666 0.046875 0.05
