2 0.446875 0.05 0.034375 0.0375
5 0.453125 0.016666666666666666 0.028125 0.03333333333333333
0 0.8625 0.46875 0.0265625 0.1
2 0.4 0.07916666666666666 0.0453125 0.05
0 0.9015625 0.47291666666666665 0.034375 0.10625
6 0.3640625 0.052083333333333336 0.1140625 0.10625
2 0.2515625 0.03125 0.0390625 0.03333333333333333
5 0.328125 0.058333333333333334 0.0546875 0.10833333333333334
2 0.503125 0.010416666666666666 0.0234375 0.022916666666666665
2 0.4890625 0.14791666666666667 0.0546875 0.0875
2 0.14375 0.6520833333333333 0.2078125 0.275
5 0.4828125 0.020833333333333332 0.03125 0.041666666666666664
2 0.25 0.17708333333333334 0.0796875 0.075
