0 0.8046875 0.23958333333333334 0.01875 0.06875
5 0.5875 0.010416666666666666 0.01875 0.020833333333333332
0 0.784375 0.2375 0.01875 0.06875
2 0.6125 0.027083333333333334 0.0234375 0.03125
2 0.2515625 0.03125 0.0390625 0.03333333333333333
2 0.4546875 0.21666666666666667 0.0703125 0.08333333333333333
2 0.3265625 0.38958333333333334 0.1140625 0.15625
2 0.109375 0.09375 0.0765625 0.041666666666666664
2 0.603125 0.07083333333333333 0.028125 0.041666666666666664
2 0.2609375 0.16458333333333333 0.0703125 0.07083333333333333
