0 0.6390625 0.13541666666666666 0.0171875 0.05416666666666667
6 0.340625 0.058333333333333334 0.09375 0.11666666666666667
2 0.0125 0.14375 0.025 0.058333333333333334
0 0.721875 0.17083333333333334 0.01875 0.05416666666666667
2 0.38125 0.09166666666666666 0.0390625 0.04583333333333333
2 0.596875 0.25833333333333336 0.1328125 0.07916666666666666
2 0.4796875 0.027083333333333334 0.0265625 0.03333333333333333
2 0.5 0.0125 0.025 0.027083333333333334
2 0.2515625 0.03125 0.0390625 0.03333333333333333
2 0.2484375 0.1875 0.1015625 0.07083333333333333
2 0.6078125 0.20208333333333334 0.1015625 0.06666666666666667
