5 0.415625 0.10208333333333333 0.046875 0.0625
2 0.3703125 0.06041666666666667 0.0390625 0.041666666666666664
6 0.9234375 0.21666666666666667 0.1453125 0.22083333333333333
5 0.60625 0.03333333333333333 0.034375 0.06666666666666667
2 0.3765625 0.0875 0.05 0.06666666666666667
2 0.4546875 0.075 0.0375 0.04583333333333333
2 0.4390625 0.041666666666666664 0.034375 0.041666666666666664
2 0.459375 0.016666666666666666 0.0265625 0.027083333333333334
2 0.2171875 0.18333333333333332 0.1171875 0.08541666666666667
2 0.6109375 0.15208333333333332 0.0578125 0.06875
5 0.840625 0.20625 0.1015625 0.18958333333333333
2 0.325 0.09166666666666666 0.05 0.05
