5 0.421875 0.09791666666666667 0.05 0.0625
6 0.84375 0.29791666666666666 0.3125 0.30416666666666664
2 0.2515625 0.03125 0.0390625 0.03333333333333333
2 0.4515625 0.07083333333333333 0.0390625 0.04583333333333333
2 0.56875 0.0625 0.0265625 0.0375
2 0.49375 0.014583333333333334 0.028125 0.03125
2 0.4484375 0.022916666666666665 0.0265625 0.029166666666666667
5 0.7265625 0.27708333333333335 0.121875 0.2520833333333333
2 0.328125 0.09166666666666666 0.046875 0.05
2 0.5390625 0.13541666666666666 0.05 0.058333333333333334
