0 0.4265625 0.11666666666666667 0.0125 0.05
2 0.39375 0.05 0.0265625 0.03333333333333333
2 0.425 0.03125 0.034375 0.041666666666666664
2 0.5109375 0.010416666666666666 0.025 0.020833333333333332
5 0.6 0.11666666666666667 0.0578125 0.1
2 0.425 0.06041666666666667 0.034375 0.04583333333333333
2 0.2515625 0.03125 0.0390625 0.0375
2 0.4921875 0.016666666666666666 0.028125 0.03333333333333333
2 0.315625 0.09375 0.046875 0.05
2 0.7359375 0.22916666666666666 0.1171875 0.07708333333333334
2 0.9640625 0.2875 0.0671875 0.07083333333333333
2 0.3609375 0.06875 0.0390625 0.04583333333333333
2 0.378125 0.0875 0.0453125 0.05416666666666667
4 0.2 0.15 0.259375 0.15833333333333333
2 0.846875 0.30833333333333335 0.15625 0.1
