0 0.8796875 0.3875 0.0265625 0.10625
2 0.2515625 0.03125 0.0390625 0.03333333333333333
2 0.5703125 0.029166666666666667 0.025 0.041666666666666664
2 0.459375 0.016666666666666666 0.0265625 0.03333333333333333
2 0.4421875 0.041666666666666664 0.0375 0.041666666666666664
2 0.3609375 0.33958333333333335 0.115625 0.13958333333333334
2 0.46875 0.1875 0.0609375 0.07708333333333334
2 0.53125 0.09791666666666667 0.034375 0.04583333333333333
2 0.4734375 0.05416666666666667 0.0375 0.05416666666666667
2 0.096875 0.30416666666666664 0.0640625 0.1
