0 0.5421875 0.13958333333333334 0.0125 0.05416666666666667
0 0.465625 0.12708333333333333 0.0125 0.058333333333333334
0 0.5125 0.125 0.0171875 0.05
0 0.5875 0.13541666666666666 0.0125 0.05416666666666667
2 0.36875 0.06458333333333334 0.0390625 0.0375
2 0.2515625 0.03125 0.0390625 0.03333333333333333
2 0.5234375 0.19583333333333333 0.0921875 0.06875
6 0.796875 0.20208333333333334 0.23125 0.19583333333333333
2 0.85625 0.3229166666666667 0.1375 0.07916666666666666
2 0.1609375 0.18333333333333332 0.1 0.0625
2 0.3640625 0.09791666666666667 0.046875 0.05416666666666667
2 0.503125 0.24166666666666667 0.1 0.06875
2 0.3140625 0.09166666666666666 0.0609375 0.06875
