2 0.4625 0.0125 0.0234375 0.027083333333333334
2 0.390625 0.84375 0.425 0.30416666666666664
2 0.5125 0.008333333333333333 0.0203125 0.016666666666666666
2 0.2515625 0.03125 0.0390625 0.0375
2 0.046875 0.85625 0.09375 0.28125
2 0.4796875 0.022916666666666665 0.0265625 0.0375
2 0.425 0.26458333333333334 0.0796875 0.10625
2 0.4953125 0.041666666666666664 0.034375 0.04583333333333333
2 0.5453125 0.08125 0.03125 0.041666666666666664
2 0.4328125 0.0375 0.0453125 0.06875
2 0.4625 0.07083333333333333 0.034375 0.04583333333333333
2 0.428125 0.09375 0.0453125 0.058333333333333334
6 0.0765625 0.18541666666666667 0.15 0.21875
2 0.340625 0.07916666666666666 0.046875 0.058333333333333334
2 0.2671875 0.12083333333333333 0.0578125 0.058333333333333334
2 0.1046875 0.2604166666666667 0.1234375 0.11666666666666667
2 0.3578125 0.10833333333333334 0.0453125 0.05416666666666667
