2 0.2 0.84375 0.284375 0.29375
5 0.425 0.09375 0.046875 0.058333333333333334
2 0.2515625 0.03125 0.0390625 0.03333333333333333
2 0.3015625 0.4166666666666667 0.11875 0.15625
2 0.1390625 0.19166666666666668 0.0859375 0.08541666666666667
2 0.3640625 0.04583333333333333 0.0390625 0.0375
2 0.1484375 0.24166666666666667 0.1140625 0.09375
2 0.34375 0.12291666666666666 0.053125 0.05416666666666667
2 0.4875 0.020833333333333332 0.03125 0.041666666666666664
2 0.2953125 0.10833333333333334 0.0609375 0.0625
