5 0.4140625 0.10416666666666667 0.046875 0.0625
2 0.3703125 0.06041666666666667 0.0390625 0.041666666666666664
2 0.3765625 0.08541666666666667 0.05 0.06875
2 0.4375 0.04583333333333333 0.0390625 0.04583333333333333
5 0.5921875 0.08541666666666667 0.0546875 0.125
2 0.828125 0.25625 0.1140625 0.07708333333333334
2 0.4609375 0.020833333333333332 0.025 0.025
2 0.46875 0.0625 0.034375 0.041666666666666664
4 0.1140625 0.15208333333333332 0.2109375 0.13958333333333334
2 0.75625 0.28541666666666665 0.16875 0.11458333333333333
2 0.328125 0.09166666666666666 0.05 0.05
