2 0.509375 0.0125 0.01875 0.020833333333333332
2 0.4375 0.025 0.028125 0.0375
0 0.9125 0.19166666666666668 0.025 0.0625
2 0.434375 0.04583333333333333 0.03125 0.0375
5 0.3296875 0.06041666666666667 0.0421875 0.08541666666666667
6 0.3515625 0.05 0.078125 0.1
2 0.2515625 0.03125 0.0390625 0.03333333333333333
5 0.484375 0.01875 0.034375 0.0375
2 0.4625 0.03333333333333333 0.0265625 0.03333333333333333
2 0.428125 0.09375 0.0453125 0.058333333333333334
2 0.5796875 0.014583333333333334 0.0203125 0.03125
2 0.646875 0.17916666666666667 0.1015625 0.09791666666666667
2 0.55625 0.08541666666666667 0.0265625 0.041666666666666664
2 0.1890625 0.32708333333333334 0.1640625 0.10625
