5 0.4203125 0.09791666666666667 0.046875 0.0625
5 0.3875 0.05 0.05 0.0625
2 0.4484375 0.075 0.0375 0.05
2 0.0421875 0.3145833333333333 0.0859375 0.18541666666666667
2 0.2515625 0.03125 0.0390625 0.03333333333333333
2 0.2859375 0.46875 0.165625 0.22916666666666666
2 0.5484375 0.0625 0.028125 0.0375
2 0.4625 0.20833333333333334 0.0625 0.08541666666666667
2 0.5796875 0.020833333333333332 0.0203125 0.027083333333333334
2 0.490625 0.020833333333333332 0.028125 0.029166666666666667
2 0.171875 0.17083333333333334 0.075 0.07083333333333333
2 0.51875 0.11041666666666666 0.0390625 0.05
2 0.33125 0.11875 0.0546875 0.058333333333333334
