6 0.359375 0.05625 0.084375 0.07708333333333334
2 0.4453125 0.04791666666666667 0.034375 0.0375
2 0.2515625 0.03125 0.0390625 0.03333333333333333
6 0.80625 0.2 0.3796875 0.27291666666666664
2 0.015625 0.14791666666666667 0.03125 0.05416666666666667
5 0.6203125 0.15416666666666667 0.115625 0.16666666666666666
5 0.309375 0.08333333333333333 0.046875 0.07916666666666666
2 0.2328125 0.19375 0.0953125 0.06875
4 0.1203125 0.07083333333333333 0.2078125 0.1
2 0.54375 0.075 0.03125 0.04583333333333333
2 0.3578125 0.10833333333333334 0.05 0.05
