2 0.378125 0.06458333333333334 0.0375 0.0375
5 0.578125 0.041666666666666664 0.0375 0.08333333333333333
2 0.4625 0.0375 0.028125 0.03333333333333333
2 0.5078125 0.03333333333333333 0.0265625 0.0375
2 0.453125 0.075 0.0390625 0.04583333333333333
2 0.43125 0.05416666666666667 0.034375 0.0375
2 0.4828125 0.016666666666666666 0.0265625 0.03125
2 0.4875 0.05 0.03125 0.0375
2 0.53125 0.016666666666666666 0.03125 0.03333333333333333
2 0.421875 0.09791666666666667 0.046875 0.058333333333333334
2 0.3765625 0.09166666666666666 0.046875 0.058333333333333334
2 0.3296875 0.09166666666666666 0.0421875 0.05
