5 0.3875 0.06458333333333334 0.071875 0.10208333333333333
0 0.7421875 0.13541666666666666 0.01875 0.05416666666666667
2 0.428125 0.0375 0.034375 0.0375
5 0.440625 0.07916666666666666 0.046875 0.058333333333333334
2 0.2515625 0.03125 0.0390625 0.03333333333333333
4 0.0375 0.12291666666666666 0.075 0.12708333333333333
2 0.7765625 0.28541666666666665 0.1375 0.10833333333333334
2 0.5703125 0.09375 0.028125 0.04583333333333333
2 0.9078125 0.45 0.1765625 0.125
2 0.4015625 0.22708333333333333 0.121875 0.07083333333333333
