2 0.5171875 0.022916666666666665 0.03125 0.04583333333333333
0 0.8359375 0.25833333333333336 0.01875 0.07916666666666666
2 0.425 0.058333333333333334 0.034375 0.04583333333333333
2 0.490625 0.04583333333333333 0.028125 0.0375
2 0.5234375 0.23333333333333334 0.0703125 0.11666666666666667
2 0.2515625 0.03125 0.0390625 0.03333333333333333
2 0.4828125 0.020833333333333332 0.0265625 0.03333333333333333
2 0.578125 0.020833333333333332 0.01875 0.029166666666666667
2 0.46875 0.06875 0.0375 0.04583333333333333
2 0.58125 0.09166666666666666 0.03125 0.04583333333333333
2 0.4390625 0.09375 0.0390625 0.05
2 0.4171875 0.25 0.078125 0.10625
2 0.515625 0.10208333333333333 0.05 0.09375
2 0.3390625 0.0875 0.046875 0.05
2 0.3015625 0.14166666666666666 0.0609375 0.0625
