2 0.5796875 0.01875 0.0265625 0.0375
5 0.4359375 0.08541666666666667 0.0421875 0.05416666666666667
2 0.5078125 0.010416666666666666 0.0265625 0.020833333333333332
2 0.5484375 0.06041666666666667 0.0265625 0.03333333333333333
6 0.228125 0.10833333333333334 0.15 0.16041666666666668
2 0.49375 0.15833333333333333 0.05 0.06875
2 0.3484375 0.35625 0.1 0.12916666666666668
5 0.18125 0.12916666666666668 0.06875 0.12916666666666668
2 0.0546875 0.30833333333333335 0.109375 0.15
2 0.3109375 0.13541666666666666 0.0625 0.06875
2 0.3703125 0.0625 0.0421875 0.04583333333333333
