2 0.2515625 0.03125 0.0390625 0.0375
5 0.43125 0.08125 0.05 0.07916666666666666
0 0.3140625 0.11875 0.0125 0.05
2 0.396875 0.03333333333333333 0.03125 0.0375
0 0.234375 0.12291666666666666 0.015625 0.058333333333333334
2 0.9828125 0.28958333333333336 0.034375 0.08541666666666667
2 0.346875 0.07916666666666666 0.0453125 0.05416666666666667
2 0.421875 0.22708333333333333 0.1078125 0.07083333333333333
2 0.7328125 0.225 0.1171875 0.08541666666666667
2 0.3671875 0.09791666666666667 0.046875 0.05416666666666667
