2 0.4015625 0.04375 0.028125 0.03125
2 0.5171875 0.022916666666666665 0.028125 0.041666666666666664
6 0.33125 0.05625 0.0796875 0.10625
2 0.425 0.05416666666666667 0.034375 0.04583333333333333
2 0.2515625 0.03125 0.0390625 0.03333333333333333
2 0.4375 0.027083333333333334 0.028125 0.041666666666666664
2 0.4640625 0.07083333333333333 0.0375 0.041666666666666664
2 0.4625 0.03333333333333333 0.0265625 0.03333333333333333
2 0.4296875 0.09375 0.046875 0.058333333333333334
2 0.3296875 0.1125 0.0640625 0.07916666666666666
2 0.384375 0.08541666666666667 0.046875 0.05416666666666667
