2 0.4484375 0.075 0.0390625 0.05
5 0.4203125 0.09791666666666667 0.046875 0.0625
2 0.2515625 0.03125 0.0390625 0.03333333333333333
2 0.61875 0.0375 0.0203125 0.03333333333333333
2 0.5578125 0.16041666666666668 0.0453125 0.06875
2 0.5296875 0.016666666666666666 0.0265625 0.03333333333333333
5 0.584375 0.016666666666666666 0.03125 0.03333333333333333
2 0.5 0.1375 0.053125 0.07916666666666666
2 0.5484375 0.06875 0.028125 0.041666666666666664
2 0.4796875 0.05416666666666667 0.034375 0.041666666666666664
2 0.21875 0.5270833333333333 0.184375 0.2375
