2 0.4625 0.0375 0.034375 0.041666666666666664
2 0.4390625 0.08541666666666667 0.0421875 0.05416666666666667
2 0.0421875 0.325 0.084375 0.14166666666666666
2 0.425 0.46041666666666664 0.1171875 0.1875
2 0.459375 0.20208333333333334 0.0703125 0.1
2 0.30625 0.4041666666666667 0.1265625 0.15833333333333333
2 0.2015625 0.15833333333333333 0.0796875 0.07083333333333333
2 0.5796875 0.12916666666666668 0.0390625 0.058333333333333334
2 0.5375 0.09375 0.034375 0.05
2 0.5796875 0.016666666666666666 0.0203125 0.03125
2 0.284375 0.15 0.0703125 0.06875
2 0.4734375 0.05625 0.0375 0.05
