2 0.378125 0.08125 0.053125 0.06875
5 0.484375 0.020833333333333332 0.0375 0.0375
2 0.509375 0.0125 0.01875 0.020833333333333332
2 0.2515625 0.03125 0.0390625 0.03333333333333333
2 0.4484375 0.016666666666666666 0.0265625 0.03333333333333333
2 0.4359375 0.04583333333333333 0.028125 0.03333333333333333
2 0.4625 0.035416666666666666 0.0265625 0.03333333333333333
2 0.48125 0.23125 0.1015625 0.06875
2 0.8453125 0.2625 0.134375 0.07916666666666666
2 0.265625 0.19375 0.11875 0.0875
2 0.4328125 0.08958333333333333 0.046875 0.058333333333333334
2 0.640625 0.20833333333333334 0.10625 0.07708333333333334
2 0.0671875 0.1625 0.078125 0.058333333333333334
