5 0.4234375 0.09791666666666667 0.0390625 0.05416666666666667
2 0.584375 0.0125 0.0203125 0.027083333333333334
2 0.4546875 0.07708333333333334 0.0390625 0.04583333333333333
2 0.2515625 0.03125 0.0390625 0.03333333333333333
2 0.5609375 0.18333333333333332 0.05 0.06875
2 0.578125 0.041666666666666664 0.025 0.03333333333333333
2 0.3171875 0.65625 0.196875 0.3125
5 0.6203125 0.014583333333333334 0.0265625 0.03125
2 0.4890625 0.05 0.03125 0.0375
2 0.54375 0.08541666666666667 0.03125 0.04583333333333333
