2 0.2515625 0.03125 0.0390625 0.03333333333333333
2 0.4 0.28125 0.078125 0.10625
2 0.378125 0.06041666666666667 0.0390625 0.0375
2 0.1171875 0.6895833333333333 0.234375 0.36666666666666664
2 0.3703125 0.1 0.05 0.05416666666666667
2 0.3875 0.5229166666666667 0.1265625 0.20833333333333334
2 0.29375 0.15416666666666667 0.0671875 0.06666666666666667
2 0.315625 0.0625 0.046875 0.041666666666666664
2 0.4765625 0.025 0.03125 0.041666666666666664
2 0.2359375 0.13958333333333334 0.075 0.07083333333333333
