2 0.378125 0.08125 0.05 0.06875
2 0.2515625 0.03125 0.0390625 0.03333333333333333
2 0.4578125 0.016666666666666666 0.0265625 0.03333333333333333
2 0.509375 0.0125 0.01875 0.020833333333333332
2 0.415625 0.07083333333333333 0.0375 0.04583333333333333
5 0.3296875 0.0625 0.0421875 0.08541666666666667
6 0.3484375 0.04791666666666667 0.0765625 0.09791666666666667
2 0.434375 0.04583333333333333 0.03125 0.0375
2 0.41875 0.21875 0.134375 0.1
2 0.4421875 0.08125 0.0421875 0.05416666666666667
2 0.015625 0.14166666666666666 0.03125 0.05416666666666667
2 0.4625 0.035416666666666666 0.0265625 0.03333333333333333
2 0.6671875 0.21458333333333332 0.109375 0.06666666666666667
2 0.190625 0.18541666666666667 0.0859375 0.06666666666666667
2 0.890625 0.27291666666666664 0.140625 0.07708333333333334
2 0.665625 0.26875 0.1109375 0.07708333333333334
