5 0.4234375 0.09791666666666667 0.0390625 0.05416666666666667
2 0.2515625 0.03125 0.0390625 0.03333333333333333
2 0.5796875 0.014583333333333334 0.01875 0.03125
5 0.621875 0.014583333333333334 0.0265625 0.03125
2 0.3765625 0.041666666666666664 0.03125 0.03333333333333333
2 0.49375 0.15 0.046875 0.0625
2 0.45625 0.07708333333333334 0.0375 0.04583333333333333
2 0.584375 0.09375 0.03125 0.04583333333333333
2 0.5125 0.20833333333333334 0.0546875 0.07916666666666666
2 0.19375 0.59375 0.2078125 0.26875
2 0.50625 0.03333333333333333 0.0265625 0.03333333333333333
2 0.284375 0.15416666666666667 0.075 0.075
2 0.353125 0.07083333333333333 0.053125 0.0625
2 0.2125 0.14583333333333334 0.078125 0.07916666666666666
