2 0.465625 0.014583333333333334 0.03125 0.029166666666666667
1 0.203125 0.1125 0.0265625 0.05416666666666667
2 0.4234375 0.09791666666666667 0.0390625 0.05416666666666667
2 0.45625 0.075 0.0375 0.04583333333333333
2 0.2515625 0.03125 0.0390625 0.03333333333333333
2 0.4265625 0.05416666666666667 0.0390625 0.05
2 0.5609375 0.04375 0.0265625 0.03333333333333333
2 0.5765625 0.014583333333333334 0.0203125 0.027083333333333334
5 0.31875 0.07291666666666667 0.0453125 0.08541666666666667
2 0.49375 0.016666666666666666 0.0265625 0.029166666666666667
2 0.5265625 0.1 0.034375 0.05416666666666667
2 0.471875 0.18541666666666667 0.05 0.075
2 0.3421875 0.6083333333333333 0.1484375 0.23333333333333334
5 0.621875 0.014583333333333334 0.0265625 0.03125
2 0.2984375 0.13958333333333334 0.0640625 0.06875
6 0.340625 0.058333333333333334 0.0828125 0.10833333333333334
