2 0.0296875 0.2604166666666667 0.0578125 0.08333333333333333
2 0.2515625 0.03125 0.0390625 0.03333333333333333
5 0.4296875 0.08541666666666667 0.0625 0.08541666666666667
2 0.1546875 0.6395833333333333 0.2359375 0.30833333333333335
2 0.5375 0.21875 0.0578125 0.09166666666666666
2 0.303125 0.1 0.0578125 0.058333333333333334
2 0.3796875 0.08333333333333333 0.046875 0.06666666666666667
2 0.4421875 0.020833333333333332 0.0375 0.041666666666666664
2 0.4796875 0.022916666666666665 0.034375 0.041666666666666664
2 0.23125 0.18541666666666667 0.0765625 0.07708333333333334
