0 0.853125 0.175 0.0203125 0.058333333333333334
2 0.396875 0.07708333333333334 0.0390625 0.05
2 0.2515625 0.03125 0.0390625 0.03333333333333333
5 0.425 0.09375 0.046875 0.058333333333333334
2 0.5296875 0.21875 0.0671875 0.11458333333333333
2 0.6109375 0.025 0.01875 0.029166666666666667
2 0.559375 0.04583333333333333 0.0265625 0.0375
2 0.534375 0.08541666666666667 0.034375 0.041666666666666664
2 0.05 0.8958333333333334 0.1 0.20208333333333334
2 0.596875 0.07708333333333334 0.03125 0.04583333333333333
2 0.1984375 0.18958333333333333 0.103125 0.11666666666666667
2 0.5125 0.12708333333333333 0.0390625 0.05416666666666667
