6 0.3625 0.05 0.0875 0.1
2 0.4125 0.03958333333333333 0.0390625 0.041666666666666664
2 0.4890625 0.01875 0.0265625 0.03125
5 0.26875 0.09166666666666666 0.05 0.09791666666666667
2 0.509375 0.010416666666666666 0.0203125 0.020833333333333332
2 0.4453125 0.04583333333333333 0.03125 0.03333333333333333
5 0.240625 0.16875 0.0953125 0.10208333333333333
2 0.5828125 0.016666666666666666 0.01875 0.027083333333333334
2 0.1046875 0.7729166666666667 0.2109375 0.43333333333333335
2 0.453125 0.016666666666666666 0.0265625 0.027083333333333334
2 0.0625 0.28958333333333336 0.1265625 0.15
2 0.43125 0.08541666666666667 0.0421875 0.05416666666666667
2 0.465625 0.0625 0.0390625 0.04583333333333333
2 0.51875 0.24583333333333332 0.0625 0.09375
6 0.2984375 0.07708333333333334 0.1015625 0.125
2 0.3671875 0.1 0.0546875 0.05416666666666667
4 0.5390625 0.09375 0.0828125 0.1375
