1 0.203125 0.1125 0.0265625 0.05416666666666667
2 0.45625 0.075 0.0375 0.04583333333333333
5 0.3515625 0.05625 0.0421875 0.07916666666666666
5 0.4234375 0.09791666666666667 0.0390625 0.05416666666666667
6 0.3671875 0.041666666666666664 0.0671875 0.08541666666666667
2 0.5046875 0.010416666666666666 0.0265625 0.022916666666666665
2 0.2515625 0.03125 0.0390625 0.03333333333333333
2 0.453125 0.0375 0.03125 0.04583333333333333
2 0.1265625 0.2520833333333333 0.109375 0.11041666666666666
2 0.5671875 0.03125 0.0203125 0.03125
2 0.4375 0.027083333333333334 0.03125 0.0375
2 0.0609375 0.23333333333333334 0.115625 0.10833333333333334
2 0.4140625 0.26666666666666666 0.071875 0.10208333333333333
5 0.621875 0.016666666666666666 0.0265625 0.03333333333333333
2 0.496875 0.13958333333333334 0.0453125 0.06666666666666667
2 0.546875 0.06875 0.03125 0.041666666666666664
2 0.365625 0.1 0.05 0.05
