5 0.2953125 0.12708333333333333 0.0796875 0.10208333333333333
0 0.8109375 0.31875 0.0203125 0.07708333333333334
6 0.0671875 0.19583333333333333 0.134375 0.25
0 0.8359375 0.3229166666666667 0.025 0.08541666666666667
2 0.253125 0.03125 0.0375 0.0375
6 0.3140625 0.07083333333333333 0.1 0.12916666666666668
2 0.4359375 0.014583333333333334 0.028125 0.03125
2 0.53125 0.1125 0.0375 0.05
2 0.5703125 0.03958333333333333 0.0234375 0.03333333333333333
2 0.4390625 0.2375 0.078125 0.09791666666666667
2 0.5140625 0.28541666666666665 0.0703125 0.10833333333333334
2 0.4 0.075 0.0390625 0.04583333333333333
2 0.453125 0.04375 0.028125 0.03333333333333333
2 0.4890625 0.01875 0.0265625 0.029166666666666667
2 0.33125 0.6395833333333333 0.1796875 0.3104166666666667
