2 0.953125 0.9104166666666667 0.090625 0.17291666666666666
2 0.4484375 0.075 0.0390625 0.05
5 0.41875 0.09583333333333334 0.05 0.0625
5 0.590625 0.010416666666666666 0.0265625 0.020833333333333332
2 0.2515625 0.03125 0.0390625 0.03333333333333333
2 0.6234375 0.016666666666666666 0.0203125 0.029166666666666667
2 0.5265625 0.020833333333333332 0.03125 0.03333333333333333
2 0.5625 0.041666666666666664 0.0265625 0.03333333333333333
2 0.3875 0.29375 0.09375 0.125
2 0.4796875 0.05416666666666667 0.034375 0.041666666666666664
2 0.584375 0.10208333333333333 0.034375 0.05
2 0.5296875 0.09375 0.0421875 0.0625
