2 0.4234375 0.09791666666666667 0.046875 0.058333333333333334
2 0.359375 0.3375 0.1015625 0.125
2 0.45625 0.075 0.0375 0.04583333333333333
2 0.51875 0.1125 0.034375 0.05
2 0.4140625 0.06875 0.0421875 0.05
2 0.5078125 0.03333333333333333 0.0265625 0.0375
5 0.1578125 0.13333333333333333 0.09375 0.16041666666666668
2 0.30625 0.14375 0.0640625 0.058333333333333334
2 0.5921875 0.07708333333333334 0.0265625 0.041666666666666664
2 0.0578125 0.3125 0.115625 0.14583333333333334
2 0.48125 0.16666666666666666 0.05 0.06666666666666667
2 0.53125 0.016666666666666666 0.03125 0.03333333333333333
2 0.46875 0.03333333333333333 0.028125 0.03333333333333333
2 0.4875 0.05 0.03125 0.0375
6 0.234375 0.1 0.1921875 0.19791666666666666
2 0.5203125 0.23958333333333334 0.0609375 0.09166666666666666
