0 0.7765625 0.13541666666666666 0.015625 0.05416666666666667
0 0.690625 0.13125 0.0125 0.05416666666666667
5 0.5265625 0.1375 0.075 0.10208333333333333
0 0.746875 0.12916666666666668 0.0203125 0.05416666666666667
0 0.7171875 0.15833333333333333 0.0125 0.058333333333333334
2 0.36875 0.0625 0.0390625 0.0375
2 0.3859375 0.03958333333333333 0.034375 0.0375
2 0.2515625 0.03125 0.0390625 0.03333333333333333
2 0.0796875 0.17083333333333334 0.0859375 0.05416666666666667
2 0.3640625 0.09791666666666667 0.046875 0.05416666666666667
2 0.3140625 0.08958333333333333 0.0609375 0.06875
2 0.453125 0.23333333333333334 0.1171875 0.075
6 0.5859375 0.15 0.1609375 0.17708333333333334
