2 0.4484375 0.075 0.0390625 0.05
2 0.515625 0.00625 0.0234375 0.014583333333333334
2 0.0390625 0.25416666666666665 0.078125 0.11041666666666666
2 0.2515625 0.03125 0.0390625 0.03333333333333333
2 0.384375 0.08541666666666667 0.0390625 0.04583333333333333
2 0.3453125 0.3770833333333333 0.115625 0.16041666666666668
2 0.559375 0.05416666666666667 0.0265625 0.0375
2 0.51875 0.11041666666666666 0.0375 0.05
2 0.46875 0.18541666666666667 0.0546875 0.06875
2 0.1921875 0.19583333333333333 0.10625 0.12291666666666666
2 0.26875 0.11875 0.053125 0.05416666666666667
