2 0.421875 0.029166666666666667 0.0390625 0.05416666666666667
2 0.978125 0.33125 0.0390625 0.09375
2 0.2515625 0.03125 0.0390625 0.03333333333333333
2 0.1875 0.1875 0.0953125 0.07083333333333333
2 0.471875 0.027083333333333334 0.0265625 0.03125
5 0.309375 0.08333333333333333 0.046875 0.07708333333333334
2 0.615625 0.014583333333333334 0.0203125 0.03125
2 0.8265625 0.2604166666666667 0.1296875 0.07916666666666666
2 0.6015625 0.15416666666666667 0.071875 0.06875
2 0.6765625 0.27708333333333335 0.1375 0.09375
2 0.35625 0.10833333333333334 0.053125 0.05416666666666667
