2 0.39375 0.04791666666666667 0.0265625 0.03125
5 0.625 0.0125 0.025 0.025
2 0.425 0.029166666666666667 0.034375 0.0375
5 0.459375 0.029166666666666667 0.046875 0.058333333333333334
2 0.2515625 0.03125 0.0390625 0.03333333333333333
2 0.4921875 0.016666666666666666 0.028125 0.03333333333333333
2 0.6828125 0.20416666666666666 0.1 0.07708333333333334
2 0.3609375 0.06875 0.0390625 0.04583333333333333
2 0.2390625 0.19583333333333333 0.090625 0.06666666666666667
2 0.8421875 0.2625 0.134375 0.075
2 0.3109375 0.09583333333333334 0.0546875 0.05416666666666667
2 0.378125 0.0875 0.0453125 0.05416666666666667
2 0.0296875 0.14791666666666667 0.0609375 0.0625
