6 0.6234375 0.15 0.0859375 0.10833333333333334
5 0.459375 0.03125 0.046875 0.0625
2 0.3921875 0.05 0.0265625 0.03333333333333333
2 0.5078125 0.010416666666666666 0.0265625 0.020833333333333332
2 0.425 0.029166666666666667 0.034375 0.0375
2 0.315625 0.09166666666666666 0.046875 0.04583333333333333
2 0.3796875 0.0875 0.046875 0.04583333333333333
2 0.3625 0.06875 0.0390625 0.04583333333333333
2 0.2515625 0.03125 0.0390625 0.0375
2 0.4921875 0.016666666666666666 0.03125 0.03333333333333333
2 0.7921875 0.24583333333333332 0.125 0.07708333333333334
4 0.3765625 0.18125 0.2921875 0.17708333333333334
