5 0.425 0.09375 0.0421875 0.058333333333333334
0 0.95625 0.1875 0.025 0.075
2 0.2515625 0.03125 0.0390625 0.0375
2 0.5609375 0.14791666666666667 0.0390625 0.05416666666666667
2 0.159375 0.23541666666666666 0.109375 0.10833333333333334
2 0.36875 0.3125 0.0953125 0.11666666666666667
2 0.478125 0.3458333333333333 0.090625 0.13958333333333334
2 0.5421875 0.07916666666666666 0.03125 0.04583333333333333
2 0.46875 0.17708333333333334 0.0625 0.08541666666666667
2 0.49375 0.014583333333333334 0.025 0.03125
2 0.05625 0.09375 0.0765625 0.04583333333333333
2 0.2453125 0.1375 0.0703125 0.07083333333333333
