5 0.1984375 0.125 0.0578125 0.12291666666666666
2 0.3828125 0.05625 0.0390625 0.04583333333333333
2 0.4640625 0.0625 0.0390625 0.05
4 0.5640625 0.05 0.0546875 0.10208333333333333
2 0.5 0.0125 0.025 0.027083333333333334
2 0.3890625 0.08333333333333333 0.0421875 0.04583333333333333
2 0.55 0.13541666666666666 0.0375 0.058333333333333334
2 0.4265625 0.035416666666666666 0.03125 0.03333333333333333
6 0.3125 0.06666666666666667 0.103125 0.12916666666666668
2 0.0421875 0.3104166666666667 0.084375 0.16875
2 0.43125 0.0875 0.0421875 0.05416666666666667
2 0.3546875 0.3333333333333333 0.1421875 0.21875
2 0.25 0.175 0.0859375 0.08541666666666667
6 0.2390625 0.1 0.1265625 0.13958333333333334
