0 0.6046875 0.13333333333333333 0.0125 0.05416666666666667
0 0.628125 0.15 0.0125 0.05
0 0.5578125 0.13958333333333334 0.015625 0.05416666666666667
5 0.6578125 0.19791666666666666 0.0546875 0.11875
2 0.2515625 0.03125 0.0390625 0.03333333333333333
2 0.36875 0.06458333333333334 0.0390625 0.0375
2 0.5078125 0.17708333333333334 0.0625 0.07083333333333333
6 0.78125 0.19583333333333333 0.23125 0.18958333333333333
2 0.1703125 0.19166666666666668 0.0875 0.05416666666666667
2 0.3640625 0.1 0.046875 0.05416666666666667
2 0.3140625 0.08958333333333333 0.0609375 0.06875
