5 0.4203125 0.09791666666666667 0.046875 0.0625
5 0.3828125 0.05 0.046875 0.0625
2 0.45 0.075 0.0375 0.05
2 0.2515625 0.03125 0.0390625 0.03333333333333333
2 0.4703125 0.19791666666666666 0.0578125 0.07708333333333334
2 0.55 0.058333333333333334 0.0265625 0.0375
2 0.4859375 0.022916666666666665 0.028125 0.029166666666666667
2 0.1515625 0.18125 0.078125 0.075
2 0.5796875 0.020833333333333332 0.0203125 0.029166666666666667
2 0.5234375 0.10416666666666667 0.0390625 0.05
2 0.028125 0.32083333333333336 0.0578125 0.15625
2 0.3234375 0.12708333333333333 0.0578125 0.058333333333333334
