2 0.378125 0.08125 0.05 0.06875
2 0.509375 0.0125 0.01875 0.020833333333333332
5 0.484375 0.01875 0.034375 0.0375
6 0.3484375 0.04791666666666667 0.0765625 0.09791666666666667
2 0.434375 0.04583333333333333 0.034375 0.041666666666666664
2 0.2515625 0.03125 0.0390625 0.03333333333333333
5 0.3296875 0.06041666666666667 0.0421875 0.08541666666666667
2 0.44375 0.022916666666666665 0.0265625 0.0375
2 0.0140625 0.14375 0.028125 0.058333333333333334
2 0.4625 0.035416666666666666 0.0265625 0.03333333333333333
2 0.428125 0.09375 0.0453125 0.058333333333333334
2 0.3703125 0.20625 0.09375 0.06875
2 0.6125 0.19791666666666666 0.1 0.07708333333333334
2 0.165625 0.175 0.115625 0.08541666666666667
2 0.8140625 0.25416666666666665 0.1296875 0.07708333333333334
