2 0.528125 0.09166666666666666 0.0265625 0.04583333333333333
2 0.51875 0.022916666666666665 0.03125 0.04583333333333333
6 0.2046875 0.11458333333333333 0.140625 0.15833333333333333
2 0.621875 0.010416666666666666 0.01875 0.020833333333333332
2 0.2515625 0.03333333333333333 0.0390625 0.0375
2 0.565625 0.041666666666666664 0.0265625 0.03333333333333333
5 0.5484375 0.1375 0.0703125 0.15833333333333333
5 0.36875 0.075 0.0671875 0.10208333333333333
0 0.9125 0.2 0.0265625 0.06875
2 0.2171875 0.8270833333333333 0.2625 0.3333333333333333
2 0.4484375 0.0375 0.0375 0.05
2 0.4390625 0.09166666666666666 0.0390625 0.05
2 0.490625 0.04583333333333333 0.028125 0.0375
2 0.48125 0.3416666666666667 0.084375 0.13333333333333333
2 0.46875 0.06875 0.0375 0.04583333333333333
6 0.0953125 0.1625 0.1921875 0.23333333333333334
2 0.0625 0.28958333333333336 0.1265625 0.13333333333333333
