2 0.1625 0.9020833333333333 0.2890625 0.19583333333333333
2 0.609375 0.014583333333333334 0.01875 0.025
2 0.4859375 0.020833333333333332 0.0265625 0.03333333333333333
2 0.5375 0.22708333333333333 0.0578125 0.08541666666666667
2 0.3140625 0.4 0.1453125 0.19583333333333333
2 0.5546875 0.0625 0.028125 0.041666666666666664
2 0.4734375 0.05416666666666667 0.0375 0.05416666666666667
2 0.4765625 0.17916666666666667 0.0546875 0.07083333333333333
2 0.321875 0.09791666666666667 0.053125 0.05
2 0.234375 0.18125 0.09375 0.09375
2 0.3765625 0.09583333333333334 0.046875 0.05
