2 0.4734375 0.00625 0.025 0.014583333333333334
2 0.3875 0.075 0.05 0.06875
0 0.8203125 0.35208333333333336 0.025 0.08541666666666667
6 0.3796875 0.041666666666666664 0.0703125 0.08333333333333333
5 0.3609375 0.04375 0.0390625 0.07708333333333334
2 0.1953125 0.875 0.2734375 0.23958333333333334
0 0.853125 0.35625 0.0203125 0.0875
6 0.1375 0.15416666666666667 0.2734375 0.2791666666666667
2 0.509375 0.010416666666666666 0.0203125 0.020833333333333332
2 0.4515625 0.04375 0.03125 0.0375
2 0.4546875 0.225 0.0640625 0.08541666666666667
2 0.534375 0.09791666666666667 0.034375 0.04583333333333333
2 0.484375 0.022916666666666665 0.0265625 0.03333333333333333
2 0.24375 0.17916666666666667 0.075 0.07708333333333334
2 0.2375 0.5229166666666667 0.18125 0.2375
