2 0.39375 0.04791666666666667 0.0265625 0.03125
0 0.9328125 0.20208333333333334 0.025 0.0625
2 0.425 0.029166666666666667 0.034375 0.0375
6 0.5703125 0.07708333333333334 0.09375 0.12708333333333333
2 0.2515625 0.03125 0.0390625 0.0375
5 0.4578125 0.029166666666666667 0.046875 0.058333333333333334
6 0.5546875 0.2520833333333333 0.4875 0.2791666666666667
2 0.4921875 0.016666666666666666 0.028125 0.03333333333333333
2 0.3609375 0.06875 0.0390625 0.04583333333333333
2 0.3140625 0.09583333333333334 0.053125 0.05416666666666667
2 0.378125 0.0875 0.0453125 0.05416666666666667
5 0.290625 0.23958333333333334 0.09375 0.22708333333333333
