1 0.203125 0.11458333333333333 0.0265625 0.05416666666666667
2 0.5625 0.16875 0.0453125 0.0625
2 0.45625 0.07708333333333334 0.034375 0.04583333333333333
2 0.2515625 0.03125 0.0390625 0.03333333333333333
2 0.4234375 0.09791666666666667 0.0390625 0.05416666666666667
2 0.5015625 0.33958333333333335 0.0765625 0.13958333333333334
2 0.596875 0.09375 0.03125 0.04583333333333333
2 0.6125 0.05416666666666667 0.025 0.0375
5 0.621875 0.014583333333333334 0.0265625 0.03125
2 0.4859375 0.05416666666666667 0.03125 0.0375
