6 0.375 0.041666666666666664 0.078125 0.08541666666666667
2 0.4640625 0.0375 0.034375 0.0375
2 0.5109375 0.010416666666666666 0.01875 0.020833333333333332
2 0.4625 0.0125 0.0234375 0.025
2 0.5875 0.010416666666666666 0.01875 0.020833333333333332
6 0.325 0.058333333333333334 0.0875 0.11458333333333333
2 0.49375 0.016666666666666666 0.0265625 0.027083333333333334
2 0.4078125 0.07708333333333334 0.0421875 0.04583333333333333
2 0.43125 0.0875 0.0421875 0.05416666666666667
2 0.4640625 0.0625 0.0390625 0.04583333333333333
2 0.56875 0.035416666666666666 0.0234375 0.03125
2 0.43125 0.03125 0.034375 0.041666666666666664
2 0.46875 0.36666666666666664 0.09375 0.15416666666666667
2 0.1984375 0.19791666666666666 0.0953125 0.10833333333333334
5 0.30625 0.12916666666666668 0.0703125 0.08333333333333333
2 0.0703125 0.225 0.121875 0.12291666666666666
4 0.515625 0.125 0.1375 0.16666666666666666
