5 0.6171875 0.022916666666666665 0.034375 0.04583333333333333
2 0.4375 0.025 0.0265625 0.0375
2 0.509375 0.0125 0.01875 0.020833333333333332
5 0.4859375 0.020833333333333332 0.034375 0.0375
2 0.434375 0.04583333333333333 0.03125 0.0375
0 0.7734375 0.17083333333333334 0.01875 0.058333333333333334
2 0.2515625 0.03125 0.0390625 0.03333333333333333
2 0.4296875 0.09375 0.046875 0.058333333333333334
5 0.3296875 0.0625 0.0421875 0.08541666666666667
6 0.3484375 0.05 0.0765625 0.1
2 0.9609375 0.3854166666666667 0.075 0.10208333333333333
2 0.5328125 0.11666666666666667 0.03125 0.05416666666666667
2 0.4625 0.03333333333333333 0.0265625 0.03333333333333333
2 0.678125 0.2125 0.1015625 0.07083333333333333
2 0.025 0.14166666666666666 0.05 0.05416666666666667
2 0.9265625 0.26875 0.1421875 0.10625
