2 0.39375 0.04791666666666667 0.0265625 0.03125
2 0.425 0.029166666666666667 0.034375 0.0375
5 0.459375 0.029166666666666667 0.046875 0.058333333333333334
2 0.4921875 0.016666666666666666 0.028125 0.03333333333333333
2 0.2515625 0.03125 0.0390625 0.03333333333333333
2 0.615625 0.025 0.0203125 0.03125
6 0.7828125 0.21458333333333332 0.2609375 0.2708333333333333
2 0.3609375 0.06875 0.0390625 0.04583333333333333
2 0.565625 0.09791666666666667 0.028125 0.041666666666666664
6 0.875 0.3145833333333333 0.2421875 0.30625
2 0.2125 0.43125 0.2125 0.17291666666666666
2 0.3140625 0.09583333333333334 0.053125 0.05416666666666667
2 0.378125 0.0875 0.0453125 0.05416666666666667
5 0.7125 0.27291666666666664 0.1109375 0.23125
