5 0.3546875 0.04791666666666667 0.0375 0.07916666666666666
0 0.81875 0.3416666666666667 0.0203125 0.08541666666666667
0 0.85 0.34791666666666665 0.0265625 0.09166666666666666
2 0.4671875 0.008333333333333333 0.0265625 0.01875
6 0.1328125 0.16458333333333333 0.259375 0.2916666666666667
2 0.378125 0.07708333333333334 0.05 0.07708333333333334
2 0.4453125 0.04583333333333333 0.03125 0.041666666666666664
2 0.215625 0.2 0.0828125 0.07916666666666666
2 0.50625 0.010416666666666666 0.0234375 0.020833333333333332
2 0.5421875 0.0875 0.03125 0.041666666666666664
2 0.2828125 0.4583333333333333 0.153125 0.19791666666666666
2 0.46875 0.20208333333333334 0.0578125 0.07708333333333334
2 0.275 0.7979166666666667 0.2390625 0.39375
2 0.4796875 0.025 0.0265625 0.029166666666666667
