2 0.321875 0.13541666666666666 0.0578125 0.058333333333333334
2 0.4234375 0.06041666666666667 0.034375 0.0375
2 0.4234375 0.09583333333333334 0.046875 0.058333333333333334
2 0.4703125 0.03125 0.0265625 0.03333333333333333
2 0.45625 0.075 0.0375 0.04583333333333333
2 0.328125 0.3729166666666667 0.1140625 0.15625
2 0.5109375 0.12083333333333333 0.0375 0.05416666666666667
2 0.5109375 0.26875 0.06875 0.1
2 0.5078125 0.03333333333333333 0.0265625 0.0375
2 0.0859375 0.2791666666666667 0.134375 0.13541666666666666
2 0.4875 0.05 0.03125 0.0375
5 0.1859375 0.12083333333333333 0.0875 0.15208333333333332
2 0.53125 0.016666666666666666 0.03125 0.03333333333333333
2 0.4671875 0.18125 0.0546875 0.07083333333333333
2 0.5890625 0.08541666666666667 0.03125 0.041666666666666664
6 0.253125 0.09166666666666666 0.184375 0.18541666666666667
