2 0.4578125 0.01875 0.0234375 0.029166666666666667
2 0.484375 0.01875 0.034375 0.0375
2 0.4375 0.022916666666666665 0.0265625 0.03333333333333333
6 0.35 0.05 0.078125 0.1
5 0.328125 0.06666666666666667 0.0421875 0.08333333333333333
2 0.4375 0.04791666666666667 0.03125 0.0375
2 0.2515625 0.03125 0.0390625 0.03333333333333333
2 0.4625 0.035416666666666666 0.0265625 0.03333333333333333
2 0.4796875 0.058333333333333334 0.034375 0.041666666666666664
2 0.428125 0.09375 0.0453125 0.058333333333333334
2 0.5296875 0.01875 0.034375 0.0375
