5 0.5875 0.008333333333333333 0.0234375 0.01875
2 0.571875 0.025 0.0234375 0.0375
2 0.253125 0.03125 0.0375 0.03333333333333333
2 0.4375 0.08541666666666667 0.0453125 0.05416666666666667
0 0.8796875 0.37916666666666665 0.028125 0.09791666666666667
2 0.4359375 0.04583333333333333 0.0390625 0.041666666666666664
2 0.478125 0.17291666666666666 0.0578125 0.07708333333333334
2 0.5375 0.0875 0.03125 0.04583333333333333
2 0.3828125 0.30625 0.1015625 0.12291666666666666
2 0.471875 0.05416666666666667 0.0390625 0.05416666666666667
2 0.1 0.2791666666666667 0.0546875 0.0875
2 0.45625 0.01875 0.03125 0.0375
