0 0.4296875 0.11666666666666667 0.0125 0.05416666666666667
0 0.4515625 0.12708333333333333 0.0125 0.05
2 0.36875 0.06458333333333334 0.0390625 0.0375
4 0.284375 0.45 0.5234375 0.44583333333333336
2 0.2515625 0.03125 0.0390625 0.03333333333333333
2 0.5234375 0.19791666666666666 0.0921875 0.075
6 0.8390625 0.20625 0.2625 0.19791666666666666
2 0.3640625 0.1 0.046875 0.05416666666666667
2 0.15625 0.1875 0.0984375 0.0625
2 0.3140625 0.08958333333333333 0.0609375 0.06875
2 0.8625 0.3145833333333333 0.165625 0.1
