0 0.184375 0.12291666666666666 0.015625 0.04583333333333333
6 0.296875 0.07708333333333334 0.0953125 0.125
5 0.48125 0.01875 0.034375 0.0375
2 0.390625 0.05416666666666667 0.034375 0.0375
2 0.240625 0.16458333333333333 0.0859375 0.10625
2 0.45625 0.03958333333333333 0.03125 0.0375
2 0.4328125 0.03125 0.03125 0.041666666666666664
2 0.4625 0.07083333333333333 0.034375 0.04583333333333333
2 0.396875 0.075 0.0390625 0.05
2 0.1703125 0.6229166666666667 0.2 0.26875
2 0.4296875 0.09375 0.046875 0.058333333333333334
2 0.3328125 0.11875 0.0546875 0.0625
