2 0.49375 0.016666666666666666 0.03125 0.03333333333333333
2 0.515625 0.008333333333333333 0.01875 0.016666666666666666
2 0.4703125 0.03333333333333333 0.0265625 0.03333333333333333
2 0.2515625 0.03125 0.0390625 0.03333333333333333
5 0.3734375 0.041666666666666664 0.0421875 0.07916666666666666
2 0.440625 0.05 0.034375 0.04583333333333333
6 0.3953125 0.0375 0.0859375 0.07708333333333334
2 0.3359375 0.3645833333333333 0.1265625 0.1875
2 0.3625 0.10625 0.05 0.04583333333333333
2 0.1734375 0.19791666666666666 0.1296875 0.15625
