2 0.515625 0.010416666666666666 0.025 0.020833333333333332
2 0.4453125 0.041666666666666664 0.0421875 0.05416666666666667
6 0.346875 0.05416666666666667 0.0875 0.10833333333333334
5 0.478125 0.020833333333333332 0.046875 0.041666666666666664
5 0.3234375 0.06458333333333334 0.05 0.09791666666666667
2 0.559375 0.058333333333333334 0.0265625 0.0375
2 0.5171875 0.17083333333333334 0.0421875 0.0625
2 0.2703125 0.15833333333333333 0.075 0.075
2 0.1234375 0.20416666666666666 0.071875 0.07708333333333334
2 0.1328125 0.6833333333333333 0.2203125 0.3020833333333333
