2 0.4234375 0.09791666666666667 0.046875 0.058333333333333334
2 0.5015625 0.010416666666666666 0.0234375 0.022916666666666665
2 0.2046875 0.1625 0.075 0.06875
2 0.478125 0.022916666666666665 0.0265625 0.029166666666666667
2 0.4546875 0.075 0.034375 0.04583333333333333
2 0.5078125 0.03333333333333333 0.0265625 0.03333333333333333
2 0.1828125 0.5958333333333333 0.1734375 0.2375
2 0.4875 0.05 0.03125 0.0375
2 0.415625 0.48125 0.115625 0.1875
2 0.3828125 0.0875 0.0390625 0.05
2 0.5296875 0.016666666666666666 0.03125 0.03333333333333333
2 0.2046875 0.20208333333333334 0.0984375 0.1
2 0.2890625 0.11666666666666667 0.0578125 0.058333333333333334
