1 0.203125 0.10833333333333334 0.03125 0.04583333333333333
5 0.4234375 0.09791666666666667 0.0390625 0.05416666666666667
2 0.35625 0.05 0.034375 0.03333333333333333
5 0.621875 0.014583333333333334 0.0265625 0.03125
2 0.45625 0.07708333333333334 0.0375 0.04583333333333333
2 0.321875 0.40625 0.1265625 0.16666666666666666
2 0.2515625 0.03125 0.0390625 0.03333333333333333
2 0.509375 0.12708333333333333 0.0421875 0.05416666666666667
2 0.5875 0.08333333333333333 0.0265625 0.041666666666666664
2 0.5265625 0.17291666666666666 0.046875 0.06875
2 0.16875 0.17083333333333334 0.09375 0.09166666666666666
2 0.5046875 0.0375 0.028125 0.0375
2 0.221875 0.1875 0.09375 0.0875
2 0.3296875 0.08333333333333333 0.0546875 0.06666666666666667
