2 0.39375 0.04791666666666667 0.0265625 0.03125
2 0.425 0.029166666666666667 0.034375 0.0375
2 0.5109375 0.010416666666666666 0.025 0.020833333333333332
5 0.459375 0.029166666666666667 0.046875 0.058333333333333334
2 0.2515625 0.03125 0.0390625 0.03333333333333333
2 0.85 0.26666666666666666 0.1421875 0.07083333333333333
2 0.4921875 0.016666666666666666 0.028125 0.03333333333333333
5 0.6078125 0.03333333333333333 0.03125 0.0625
2 0.3609375 0.06875 0.0390625 0.041666666666666664
2 0.6890625 0.20833333333333334 0.1015625 0.07708333333333334
2 0.4171875 0.22083333333333333 0.1015625 0.07708333333333334
2 0.790625 0.29791666666666666 0.1296875 0.08541666666666667
2 0.3140625 0.09583333333333334 0.053125 0.05416666666666667
2 0.06875 0.15625 0.090625 0.06875
2 0.378125 0.0875 0.0453125 0.05416666666666667
