2 0.5890625 0.00625 0.0171875 0.014583333333333334
5 0.4234375 0.09791666666666667 0.0390625 0.05416666666666667
2 0.2515625 0.03125 0.0390625 0.03333333333333333
2 0.45625 0.07708333333333334 0.0375 0.05
2 0.440625 0.40208333333333335 0.1109375 0.17291666666666666
2 0.5796875 0.027083333333333334 0.0203125 0.03125
2 0.5765625 0.14166666666666666 0.0390625 0.058333333333333334
5 0.6203125 0.014583333333333334 0.0265625 0.03125
2 0.4875 0.05 0.03125 0.0375
2 0.553125 0.06875 0.03125 0.041666666666666664
