2 0.3921875 0.04791666666666667 0.0265625 0.03125
0 0.45 0.11666666666666667 0.0171875 0.058333333333333334
2 0.5109375 0.010416666666666666 0.025 0.020833333333333332
2 0.425 0.029166666666666667 0.034375 0.0375
5 0.4578125 0.029166666666666667 0.05 0.058333333333333334
2 0.425 0.06041666666666667 0.034375 0.04583333333333333
2 0.2515625 0.03125 0.0390625 0.03333333333333333
2 0.4921875 0.016666666666666666 0.028125 0.03333333333333333
4 0.084375 0.12708333333333333 0.16875 0.15416666666666667
2 0.3609375 0.06875 0.0390625 0.041666666666666664
2 0.7140625 0.21875 0.109375 0.07083333333333333
5 0.5921875 0.09375 0.0421875 0.0875
2 0.59375 0.25625 0.1296875 0.0875
2 0.3140625 0.09583333333333334 0.053125 0.05416666666666667
2 0.9328125 0.2791666666666667 0.134375 0.07708333333333334
2 0.378125 0.0875 0.0453125 0.05416666666666667
