2 0.43125 0.0875 0.0390625 0.05416666666666667
5 0.40625 0.05625 0.0578125 0.07708333333333334
2 0.0546875 0.3229166666666667 0.109375 0.1375
4 0.4953125 0.11666666666666667 0.1 0.16666666666666666
2 0.3265625 0.39166666666666666 0.1171875 0.15833333333333333
2 0.0640625 0.22291666666666668 0.11875 0.11666666666666667
2 0.3453125 0.075 0.046875 0.05416666666666667
2 0.496875 0.25625 0.0984375 0.16041666666666668
2 0.246875 0.13541666666666666 0.0625 0.058333333333333334
2 0.278125 0.15416666666666667 0.0703125 0.06875
