2 0.39375 0.05 0.0265625 0.03333333333333333
2 0.4265625 0.029166666666666667 0.03125 0.041666666666666664
5 0.459375 0.029166666666666667 0.046875 0.058333333333333334
2 0.5109375 0.010416666666666666 0.025 0.020833333333333332
2 0.425 0.06041666666666667 0.034375 0.04583333333333333
2 0.3171875 0.09375 0.046875 0.05
5 0.60625 0.12916666666666668 0.0640625 0.1
2 0.378125 0.0875 0.0453125 0.04583333333333333
2 0.4921875 0.016666666666666666 0.03125 0.03333333333333333
2 0.2515625 0.03125 0.0390625 0.0375
2 0.3625 0.06875 0.0390625 0.04583333333333333
2 0.7546875 0.23541666666666666 0.1171875 0.075
2 0.93125 0.325 0.1296875 0.10625
4 0.265625 0.15833333333333333 0.26875 0.16666666666666666
