2 0.46875 0.0125 0.025 0.025
2 0.41875 0.06875 0.0390625 0.04583333333333333
6 0.334375 0.058333333333333334 0.0859375 0.10833333333333334
2 0.509375 0.010416666666666666 0.0203125 0.020833333333333332
2 0.4640625 0.0625 0.0390625 0.05
2 0.4359375 0.029166666666666667 0.03125 0.041666666666666664
2 0.4953125 0.014583333333333334 0.025 0.027083333333333334
2 0.125 0.19791666666666666 0.10625 0.10833333333333334
2 0.5625 0.04583333333333333 0.0234375 0.03125
5 0.3265625 0.1125 0.0640625 0.07708333333333334
2 0.4703125 0.035416666666666666 0.03125 0.03333333333333333
2 0.5828125 0.014583333333333334 0.0203125 0.029166666666666667
2 0.4328125 0.4375 0.11875 0.19583333333333333
2 0.2359375 0.175 0.0859375 0.0875
4 0.49375 0.14166666666666666 0.1734375 0.17083333333333334
