0 0.496875 0.125 0.0171875 0.058333333333333334
0 0.565625 0.14375 0.015625 0.058333333333333334
4 0.4359375 0.50625 0.5734375 0.475
0 0.4625 0.12916666666666668 0.01875 0.05416666666666667
2 0.36875 0.0625 0.0390625 0.0375
2 0.2515625 0.03125 0.0390625 0.03333333333333333
2 0.5234375 0.19791666666666666 0.0921875 0.07083333333333333
6 0.828125 0.20625 0.25 0.19583333333333333
2 0.1 0.175 0.0921875 0.0625
2 0.759375 0.29791666666666666 0.153125 0.0875
2 0.3640625 0.1 0.046875 0.05416666666666667
2 0.3140625 0.08958333333333333 0.0609375 0.06875
