2 0.409375 0.07291666666666667 0.0375 0.041666666666666664
5 0.3171875 0.075 0.0578125 0.0875
2 0.978125 0.2916666666666667 0.0390625 0.07083333333333333
2 0.45625 0.075 0.0375 0.04583333333333333
2 0.2515625 0.03125 0.0390625 0.03333333333333333
2 0.4640625 0.035416666666666666 0.03125 0.03333333333333333
2 0.49375 0.014583333333333334 0.0265625 0.03125
2 0.3765625 0.09166666666666666 0.0421875 0.05
2 0.7328125 0.23125 0.1265625 0.07708333333333334
2 0.55625 0.16458333333333333 0.0703125 0.0625
