5 0.0640625 0.16875 0.125 0.20416666666666666
2 0.4546875 0.075 0.0375 0.04583333333333333
2 0.45625 0.041666666666666664 0.034375 0.0375
2 0.2546875 0.175 0.084375 0.06875
2 0.3921875 0.07916666666666666 0.0390625 0.05
2 0.1109375 0.7 0.2234375 0.35625
2 0.534375 0.08541666666666667 0.03125 0.04583333333333333
2 0.421875 0.24791666666666667 0.071875 0.09791666666666667
2 0.6015625 0.058333333333333334 0.025 0.03333333333333333
2 0.5453125 0.18125 0.046875 0.06875
2 0.5078125 0.03333333333333333 0.0265625 0.0375
2 0.53125 0.016666666666666666 0.028125 0.03333333333333333
2 0.4875 0.05 0.03125 0.0375
6 0.16875 0.12708333333333333 0.2515625 0.22916666666666666
2 0.50625 0.12708333333333333 0.0421875 0.058333333333333334
