2 0.16875 0.7958333333333333 0.3390625 0.4041666666666667
2 0.4390625 0.08333333333333333 0.0421875 0.05416666666666667
2 0.4984375 0.14791666666666667 0.0546875 0.07708333333333334
2 0.1015625 0.21041666666666667 0.1078125 0.09375
2 0.4484375 0.04583333333333333 0.034375 0.0375
2 0.3953125 0.28125 0.0828125 0.10833333333333334
2 0.5953125 0.09791666666666667 0.03125 0.04583333333333333
2 0.484375 0.3229166666666667 0.0859375 0.12708333333333333
2 0.2109375 0.2 0.0875 0.0875
2 0.4703125 0.05416666666666667 0.0390625 0.05416666666666667
2 0.5546875 0.06458333333333334 0.028125 0.0375
