2 0.4484375 0.075 0.0390625 0.05
5 0.5875 0.010416666666666666 0.0265625 0.022916666666666665
2 0.5609375 0.04583333333333333 0.0265625 0.03333333333333333
5 0.4203125 0.09583333333333334 0.05 0.0625
2 0.2515625 0.03125 0.0390625 0.03333333333333333
2 0.5265625 0.020833333333333332 0.03125 0.03333333333333333
2 0.625 0.01875 0.01875 0.027083333333333334
2 0.36875 0.3229166666666667 0.103125 0.1375
2 0.58125 0.10833333333333334 0.034375 0.05416666666666667
2 0.4796875 0.05416666666666667 0.034375 0.041666666666666664
2 0.525 0.1 0.0421875 0.06666666666666667
