2 0.0609375 0.89375 0.1234375 0.20833333333333334
2 0.425 0.03333333333333333 0.034375 0.04583333333333333
0 0.865625 0.3458333333333333 0.03125 0.09375
2 0.4375 0.08541666666666667 0.0453125 0.05416666666666667
2 0.415625 0.0625 0.0421875 0.04583333333333333
2 0.0875 0.37083333333333335 0.1078125 0.14166666666666666
2 0.45625 0.20625 0.0703125 0.08333333333333333
2 0.5578125 0.05625 0.025 0.03333333333333333
2 0.471875 0.05416666666666667 0.0390625 0.05416666666666667
2 0.0625 0.19583333333333333 0.0578125 0.06875
2 0.5140625 0.125 0.0421875 0.058333333333333334
