2 0.2515625 0.03125 0.0390625 0.03333333333333333
2 0.4609375 0.0375 0.028125 0.03333333333333333
2 0.4234375 0.09791666666666667 0.046875 0.058333333333333334
2 0.425 0.058333333333333334 0.034375 0.041666666666666664
2 0.45625 0.075 0.0375 0.04583333333333333
2 0.484375 0.020833333333333332 0.025 0.029166666666666667
2 0.5078125 0.03333333333333333 0.0265625 0.03333333333333333
2 0.3640625 0.07291666666666667 0.0375 0.0375
2 0.4875 0.05 0.03125 0.0375
2 0.5296875 0.016666666666666666 0.03125 0.03333333333333333
2 0.30625 0.10625 0.046875 0.05
2 0.346875 0.10833333333333334 0.0546875 0.0625
