2 0.509375 0.010416666666666666 0.0265625 0.020833333333333332
2 0.378125 0.05625 0.0390625 0.05
6 0.309375 0.06041666666666667 0.090625 0.11041666666666666
5 0.4765625 0.022916666666666665 0.05 0.04583333333333333
2 0.3390625 0.09791666666666667 0.071875 0.10208333333333333
2 0.5765625 0.029166666666666667 0.0203125 0.03125
5 0.28125 0.08333333333333333 0.0546875 0.10833333333333334
2 0.378125 0.33125 0.090625 0.11666666666666667
2 0.5515625 0.08958333333333333 0.028125 0.041666666666666664
2 0.0640625 0.29583333333333334 0.1296875 0.12708333333333333
