0 0.203125 0.11666666666666667 0.01875 0.05416666666666667
2 0.4375 0.022916666666666665 0.0265625 0.03333333333333333
2 0.378125 0.08125 0.05 0.06875
2 0.509375 0.008333333333333333 0.0203125 0.01875
6 0.3484375 0.05 0.075 0.1
5 0.33125 0.0625 0.0453125 0.0875
2 0.2515625 0.03125 0.0390625 0.03333333333333333
2 0.5390625 0.0125 0.0234375 0.025
2 0.4375 0.04791666666666667 0.03125 0.0375
2 0.6109375 0.025 0.0234375 0.03125
2 0.5734375 0.04583333333333333 0.025 0.0375
2 0.4625 0.03333333333333333 0.0265625 0.03333333333333333
2 0.4296875 0.09375 0.046875 0.058333333333333334
2 0.50625 0.0375 0.028125 0.0375
