2 0.365625 0.05416666666666667 0.0546875 0.08333333333333333
2 0.590625 0.008333333333333333 0.0171875 0.016666666666666666
2 0.515625 0.008333333333333333 0.025 0.016666666666666666
6 0.4203125 0.041666666666666664 0.071875 0.08541666666666667
2 0.275 0.11666666666666667 0.0703125 0.07083333333333333
2 0.4890625 0.020833333333333332 0.03125 0.03333333333333333
2 0.5546875 0.06458333333333334 0.028125 0.0375
2 0.4375 0.23125 0.0671875 0.0875
2 0.2828125 0.14166666666666666 0.0828125 0.09375
6 0.0859375 0.17708333333333334 0.171875 0.22708333333333333
5 0.028125 0.21458333333333332 0.0578125 0.19583333333333333
