6 0.3515625 0.05 0.078125 0.1
2 0.2515625 0.03125 0.0390625 0.03333333333333333
0 0.4375 0.12708333333333333 0.015625 0.05416666666666667
2 0.41875 0.03333333333333333 0.025 0.027083333333333334
2 0.50625 0.0125 0.0203125 0.020833333333333332
5 0.33125 0.06041666666666667 0.0453125 0.09375
2 0.48125 0.05 0.034375 0.04583333333333333
2 0.4125 0.06875 0.034375 0.05
2 0.434375 0.05 0.034375 0.041666666666666664
2 0.734375 0.23125 0.11875 0.07083333333333333
2 0.378125 0.08125 0.053125 0.06875
2 0.975 0.28958333333333336 0.05 0.075
2 0.4625 0.03333333333333333 0.0265625 0.03333333333333333
2 0.771875 0.28541666666666665 0.16875 0.11041666666666666
2 0.4578125 0.23125 0.1015625 0.075
2 0.215625 0.18958333333333333 0.1 0.0625
2 0.034375 0.40208333333333335 0.06875 0.13333333333333333
