0 0.2046875 0.11041666666666666 0.01875 0.058333333333333334
2 0.2515625 0.03125 0.0390625 0.03333333333333333
2 0.4328125 0.25 0.0765625 0.1
2 0.4875 0.014583333333333334 0.0265625 0.03125
2 0.5703125 0.12916666666666668 0.0375 0.05
2 0.490625 0.04583333333333333 0.028125 0.0375
2 0.6 0.06458333333333334 0.0265625 0.041666666666666664
2 0.4671875 0.06875 0.034375 0.04583333333333333
2 0.4078125 0.06875 0.0421875 0.04583333333333333
2 0.4390625 0.09166666666666666 0.0390625 0.05
2 0.153125 0.2125 0.115625 0.125
5 0.59375 0.020833333333333332 0.03125 0.041666666666666664
