2 0.4109375 0.07291666666666667 0.034375 0.0375
2 0.440625 0.04583333333333333 0.034375 0.03333333333333333
5 0.321875 0.075 0.0625 0.0875
0 0.71875 0.15 0.0171875 0.05416666666666667
2 0.49375 0.014583333333333334 0.0265625 0.03125
2 0.434375 0.09166666666666666 0.0421875 0.05416666666666667
2 0.2515625 0.03125 0.0390625 0.03333333333333333
2 0.4640625 0.035416666666666666 0.028125 0.03333333333333333
2 0.925 0.2791666666666667 0.1375 0.07708333333333334
2 0.6578125 0.20416666666666666 0.1078125 0.07708333333333334
2 0.3765625 0.09166666666666666 0.0421875 0.05
2 0.5328125 0.10833333333333334 0.03125 0.05
