2 0.415625 0.10208333333333333 0.05 0.0625
5 0.6140625 0.12291666666666666 0.078125 0.11875
2 0.3703125 0.0625 0.0390625 0.04583333333333333
2 0.9859375 0.29583333333333334 0.0234375 0.07916666666666666
2 0.4609375 0.016666666666666666 0.025 0.027083333333333334
2 0.378125 0.08541666666666667 0.053125 0.06875
2 0.4375 0.04583333333333333 0.0390625 0.04583333333333333
2 0.615625 0.01875 0.0203125 0.029166666666666667
2 0.496875 0.041666666666666664 0.03125 0.0375
2 0.3265625 0.09166666666666666 0.046875 0.05
4 0.39375 0.2 0.25 0.17291666666666666
