0 0.45625 0.12916666666666668 0.01875 0.05416666666666667
5 0.8734375 0.22291666666666668 0.0796875 0.17083333333333334
1 0.6390625 0.15625 0.028125 0.06666666666666667
6 0.9265625 0.23541666666666666 0.1421875 0.21458333333333332
2 0.6 0.008333333333333333 0.01875 0.01875
2 0.36875 0.06458333333333334 0.0390625 0.0375
2 0.3703125 0.1 0.053125 0.058333333333333334
2 0.2515625 0.03125 0.0390625 0.0375
2 0.7453125 0.29791666666666666 0.1421875 0.0875
2 0.3140625 0.09166666666666666 0.0609375 0.06666666666666667
2 0.5609375 0.21041666666666667 0.10625 0.07083333333333333
4 0.2859375 0.4395833333333333 0.434375 0.3854166666666667
4 0.2609375 0.17291666666666666 0.265625 0.15833333333333333
