2 0.4671875 0.0125 0.0234375 0.025
5 0.3140625 0.07083333333333333 0.0421875 0.0875
2 0.509375 0.010416666666666666 0.0203125 0.020833333333333332
2 0.4953125 0.014583333333333334 0.025 0.027083333333333334
2 0.4390625 0.029166666666666667 0.03125 0.041666666666666664
2 0.559375 0.05416666666666667 0.0265625 0.03333333333333333
6 0.3375 0.052083333333333336 0.0828125 0.10625
2 0.471875 0.03333333333333333 0.03125 0.03333333333333333
2 0.465625 0.0625 0.0390625 0.04583333333333333
2 0.409375 0.47708333333333336 0.134375 0.23125
2 0.5796875 0.014583333333333334 0.0203125 0.03125
2 0.1484375 0.18333333333333332 0.1 0.1
2 0.2515625 0.1625 0.0796875 0.08541666666666667
4 0.48125 0.15 0.196875 0.175
