5 0.5734375 0.027083333333333334 0.0375 0.05416666666666667
5 0.60625 0.0125 0.028125 0.025
2 0.5390625 0.010416666666666666 0.025 0.022916666666666665
5 0.41875 0.09583333333333334 0.05 0.0625
2 0.2515625 0.03125 0.0390625 0.03333333333333333
2 0.0671875 0.23333333333333334 0.0921875 0.1
2 0.434375 0.22708333333333333 0.0828125 0.11666666666666667
2 0.496875 0.29583333333333334 0.0765625 0.11041666666666666
2 0.60625 0.06666666666666667 0.0265625 0.0375
2 0.4796875 0.05416666666666667 0.034375 0.041666666666666664
2 0.521875 0.11041666666666666 0.0375 0.05
