2 0.453125 0.03125 0.0453125 0.0625
2 0.53125 0.0125 0.0234375 0.027083333333333334
4 0.6015625 0.027083333333333334 0.03125 0.05416666666666667
2 0.49375 0.016666666666666666 0.03125 0.03333333333333333
2 0.50625 0.035416666666666666 0.03125 0.03333333333333333
2 0.4203125 0.09791666666666667 0.046875 0.058333333333333334
2 0.3125 0.4166666666666667 0.134375 0.1875
2 0.2078125 0.19791666666666666 0.09375 0.09375
2 0.4625 0.06875 0.0375 0.04583333333333333
2 0.2375 0.8270833333333333 0.2203125 0.3333333333333333
