2 0.5171875 0.00625 0.0203125 0.0125
2 0.49375 0.016666666666666666 0.0265625 0.03333333333333333
2 0.31875 0.42291666666666666 0.134375 0.18333333333333332
2 0.2515625 0.03125 0.0390625 0.03333333333333333
2 0.4296875 0.09375 0.046875 0.058333333333333334
2 0.4625 0.07083333333333333 0.034375 0.04583333333333333
2 0.0546875 0.30625 0.1109375 0.1375
2 0.375 0.0625 0.0390625 0.05
2 0.515625 0.125 0.0421875 0.05416666666666667
5 0.08125 0.18333333333333332 0.0796875 0.15
6 0.1328125 0.15 0.1578125 0.18125
2 0.3890625 0.08541666666666667 0.034375 0.04583333333333333
2 0.4984375 0.0375 0.03125 0.04583333333333333
2 0.21875 0.1875 0.0859375 0.09166666666666666
2 0.3078125 0.1 0.053125 0.05
