2 0.45625 0.11666666666666667 0.034375 0.0375
2 0.41875 0.09791666666666667 0.046875 0.058333333333333334
2 0.4765625 0.025 0.028125 0.041666666666666664
2 0.43125 0.0375 0.0453125 0.06875
2 0.1828125 0.8604166666666667 0.2921875 0.26875
2 0.51875 0.022916666666666665 0.0265625 0.03333333333333333
2 0.4953125 0.04375 0.034375 0.0375
2 0.2671875 0.46458333333333335 0.1421875 0.1875
2 0.4859375 0.3229166666666667 0.0765625 0.11041666666666666
2 0.4625 0.06875 0.0375 0.041666666666666664
2 0.475 0.17708333333333334 0.0578125 0.08541666666666667
