0 0.2015625 0.11041666666666666 0.01875 0.058333333333333334
0 0.1015625 0.0875 0.015625 0.04583333333333333
6 0.3453125 0.05416666666666667 0.103125 0.11041666666666666
0 0.8421875 0.21041666666666667 0.025 0.06875
5 0.4765625 0.020833333333333332 0.0421875 0.041666666666666664
2 0.490625 0.04583333333333333 0.028125 0.0375
2 0.2515625 0.03125 0.0390625 0.03333333333333333
2 0.6 0.05416666666666667 0.0265625 0.05
2 0.4671875 0.06875 0.034375 0.04583333333333333
2 0.478125 0.17083333333333334 0.0546875 0.07708333333333334
2 0.38125 0.0875 0.0421875 0.05416666666666667
5 0.309375 0.06875 0.0625 0.10208333333333333
2 0.4390625 0.09166666666666666 0.0390625 0.05
2 0.553125 0.05416666666666667 0.028125 0.041666666666666664
2 0.1921875 0.20625 0.09375 0.1
2 0.0546875 0.24375 0.10625 0.11458333333333333
