2 0.5421875 0.010416666666666666 0.01875 0.020833333333333332
5 0.5671875 0.03333333333333333 0.0421875 0.0625
5 0.60625 0.014583333333333334 0.0265625 0.03125
2 0.2515625 0.03125 0.0390625 0.03333333333333333
5 0.41875 0.09583333333333334 0.05 0.0625
2 0.11875 0.2 0.09375 0.08541666666666667
2 0.465625 0.35833333333333334 0.09375 0.13958333333333334
2 0.603125 0.07708333333333334 0.0265625 0.0375
2 0.509375 0.12708333333333333 0.0390625 0.05416666666666667
2 0.4796875 0.052083333333333336 0.034375 0.041666666666666664
2 0.409375 0.26666666666666666 0.1 0.1375
