0 0.625 0.14375 0.015625 0.05
5 0.321875 0.075 0.0625 0.09166666666666666
2 0.49375 0.014583333333333334 0.0265625 0.03125
0 0.7171875 0.15208333333333332 0.015625 0.05
2 0.4359375 0.09166666666666666 0.0421875 0.05416666666666667
2 0.2515625 0.03125 0.0390625 0.03333333333333333
2 0.4640625 0.03333333333333333 0.028125 0.0375
2 0.934375 0.28541666666666665 0.1265625 0.07916666666666666
2 0.3765625 0.09166666666666666 0.0421875 0.05
2 0.53125 0.11458333333333333 0.03125 0.05
2 0.6671875 0.2125 0.109375 0.075
