0 0.9203125 0.4708333333333333 0.0421875 0.12291666666666666
2 0.4640625 0.041666666666666664 0.03125 0.03333333333333333
2 0.5171875 0.022916666666666665 0.03125 0.04583333333333333
2 0.4890625 0.014583333333333334 0.0234375 0.03125
2 0.19375 0.16041666666666668 0.0703125 0.075
2 0.465625 0.014583333333333334 0.0265625 0.03125
2 0.4890625 0.04583333333333333 0.03125 0.0375
2 0.465625 0.06666666666666667 0.0375 0.04583333333333333
4 0.2046875 0.06666666666666667 0.18125 0.10625
5 0.371875 0.041666666666666664 0.046875 0.08333333333333333
2 0.1015625 0.7166666666666667 0.2046875 0.32083333333333336
2 0.4390625 0.09166666666666666 0.0390625 0.05
2 0.346875 0.1125 0.053125 0.05416666666666667
2 0.21875 0.18125 0.1 0.11666666666666667
