0 0.6515625 0.14166666666666666 0.015625 0.05416666666666667
0 0.5953125 0.14166666666666666 0.009375 0.05
0 0.5703125 0.12916666666666668 0.015625 0.05416666666666667
2 0.36875 0.06458333333333334 0.0390625 0.0375
2 0.2515625 0.03125 0.0390625 0.03333333333333333
6 0.803125 0.2 0.228125 0.19791666666666666
2 0.384375 0.22916666666666666 0.103125 0.0625
2 0.3640625 0.09791666666666667 0.046875 0.05416666666666667
2 0.51875 0.19166666666666668 0.084375 0.075
2 0.3140625 0.09166666666666666 0.0609375 0.06875
2 0.1328125 0.18125 0.0796875 0.0625
