0 0.8828125 0.5166666666666667 0.03125 0.11458333333333333
2 0.4921875 0.016666666666666666 0.03125 0.03333333333333333
2 0.4328125 0.058333333333333334 0.0375 0.04583333333333333
2 0.5125 0.008333333333333333 0.0203125 0.01875
2 0.2515625 0.03125 0.0390625 0.03333333333333333
2 0.4671875 0.035416666666666666 0.028125 0.03333333333333333
2 0.1875 0.1625 0.0875 0.07708333333333334
2 0.3921875 0.28958333333333336 0.1 0.15
5 0.3671875 0.041666666666666664 0.046875 0.08541666666666667
2 0.3421875 0.11875 0.0546875 0.05416666666666667
2 0.10625 0.23958333333333334 0.1578125 0.18333333333333332
