2 0.3921875 0.04791666666666667 0.0265625 0.03125
2 0.425 0.029166666666666667 0.034375 0.0375
5 0.459375 0.029166666666666667 0.046875 0.058333333333333334
2 0.2515625 0.03125 0.0390625 0.03333333333333333
5 0.875 0.21875 0.134375 0.1875
2 0.4921875 0.016666666666666666 0.028125 0.03333333333333333
2 0.5984375 0.07916666666666666 0.0265625 0.041666666666666664
2 0.3609375 0.06875 0.0390625 0.041666666666666664
2 0.6125 0.17291666666666666 0.078125 0.06875
2 0.3140625 0.09583333333333334 0.053125 0.05416666666666667
2 0.378125 0.0875 0.0453125 0.05416666666666667
2 0.6578125 0.4083333333333333 0.1921875 0.14166666666666666
5 0.9390625 0.3125 0.1171875 0.26666666666666666
