0 0.203125 0.11041666666666666 0.0171875 0.058333333333333334
5 0.6015625 0.010416666666666666 0.025 0.020833333333333332
2 0.2515625 0.03125 0.0390625 0.03333333333333333
2 0.490625 0.04583333333333333 0.028125 0.0375
2 0.3875 0.3145833333333333 0.09375 0.11875
2 0.6140625 0.03125 0.0234375 0.03333333333333333
2 0.4453125 0.04583333333333333 0.034375 0.0375
2 0.59375 0.07291666666666667 0.0265625 0.0375
2 0.46875 0.06875 0.034375 0.04583333333333333
2 0.4390625 0.09375 0.0390625 0.05
2 0.325 0.12291666666666666 0.0578125 0.058333333333333334
2 0.5203125 0.12083333333333333 0.0421875 0.05416666666666667
