5 0.43125 0.022916666666666665 0.03125 0.04583333333333333
0 0.85 0.41458333333333336 0.0265625 0.09375
2 0.5125 0.008333333333333333 0.0234375 0.016666666666666666
0 0.88125 0.42291666666666666 0.025 0.1
6 0.3125 0.07083333333333333 0.153125 0.14166666666666666
2 0.40625 0.075 0.0390625 0.04583333333333333
2 0.05 0.32083333333333336 0.1015625 0.1375
5 0.2609375 0.0875 0.0640625 0.125
2 0.0859375 0.8270833333333333 0.171875 0.33125
2 0.3875 0.3104166666666667 0.084375 0.10833333333333334
2 0.465625 0.027083333333333334 0.034375 0.05416666666666667
2 0.490625 0.014583333333333334 0.0265625 0.03125
2 0.3328125 0.11875 0.0578125 0.06666666666666667
2 0.5453125 0.06875 0.034375 0.05416666666666667
