5 0.028125 0.20208333333333334 0.0578125 0.18125
2 0.4390625 0.035416666666666666 0.0421875 0.0625
2 0.515625 0.00625 0.025 0.014583333333333334
2 0.465625 0.0125 0.0234375 0.025
2 0.4859375 0.020833333333333332 0.028125 0.0375
2 0.3765625 0.89375 0.3703125 0.20833333333333334
2 0.2515625 0.03125 0.0390625 0.0375
2 0.4046875 0.29583333333333334 0.0875 0.11875
2 0.4953125 0.041666666666666664 0.034375 0.04583333333333333
2 0.4296875 0.09375 0.046875 0.058333333333333334
2 0.4625 0.07083333333333333 0.034375 0.04583333333333333
6 0.0859375 0.175 0.165625 0.20208333333333334
2 0.5390625 0.09166666666666666 0.034375 0.04583333333333333
2 0.35 0.075 0.0421875 0.05416666666666667
2 0.3671875 0.1 0.0421875 0.05
2 0.2765625 0.11666666666666667 0.0546875 0.058333333333333334
2 0.140625 0.2375 0.109375 0.10833333333333334
