2 0.5546875 0.052083333333333336 0.03125 0.04583333333333333
2 0.4390625 0.08333333333333333 0.0421875 0.05416666666666667
2 0.2515625 0.03125 0.0390625 0.03333333333333333
2 0.115625 0.7333333333333333 0.228125 0.3875
2 0.4859375 0.008333333333333333 0.0265625 0.016666666666666666
2 0.46875 0.027083333333333334 0.03125 0.0375
2 0.4046875 0.28125 0.0875 0.11458333333333333
2 0.5765625 0.020833333333333332 0.025 0.041666666666666664
2 0.4984375 0.14375 0.0421875 0.058333333333333334
2 0.0453125 0.4791666666666667 0.0921875 0.20625
2 0.4734375 0.05416666666666667 0.0375 0.05416666666666667
