0 0.715625 0.16875 0.0125 0.058333333333333334
6 0.45625 0.041666666666666664 0.0265625 0.029166666666666667
0 0.2421875 0.11041666666666666 0.01875 0.05
0 0.534375 0.13958333333333334 0.015625 0.04583333333333333
2 0.2515625 0.027083333333333334 0.0390625 0.03125
6 0.340625 0.05625 0.09375 0.11458333333333333
2 0.38125 0.09166666666666666 0.0390625 0.04583333333333333
2 0.0234375 0.15416666666666667 0.046875 0.058333333333333334
2 0.5 0.0125 0.025 0.027083333333333334
2 0.4796875 0.027083333333333334 0.0265625 0.03333333333333333
2 0.284375 0.18958333333333333 0.0984375 0.06875
2 0.6265625 0.20625 0.1078125 0.0625
2 0.64375 0.26875 0.134375 0.08333333333333333
