2 0.371875 0.06041666666666667 0.0390625 0.041666666666666664
4 0.9421875 0.2916666666666667 0.1109375 0.22708333333333333
2 0.3765625 0.08541666666666667 0.05 0.06875
5 0.415625 0.10208333333333333 0.046875 0.0625
5 0.896875 0.225 0.1015625 0.16041666666666668
2 0.465625 0.014583333333333334 0.025 0.022916666666666665
2 0.4375 0.04583333333333333 0.0390625 0.04583333333333333
2 0.5921875 0.11875 0.034375 0.05
2 0.328125 0.09375 0.05 0.05416666666666667
2 0.0984375 0.17083333333333334 0.078125 0.0625
