2 0.4015625 0.05 0.0375 0.0375
2 0.2515625 0.03125 0.0390625 0.0375
2 0.46875 0.029166666666666667 0.028125 0.0375
0 0.8453125 0.29791666666666666 0.0265625 0.0875
5 0.1703125 0.13125 0.0875 0.15833333333333333
2 0.490625 0.04583333333333333 0.028125 0.0375
2 0.0953125 0.76875 0.1921875 0.39791666666666664
2 0.4078125 0.24791666666666667 0.1015625 0.17083333333333334
2 0.40625 0.075 0.0390625 0.04583333333333333
2 0.46875 0.06875 0.0375 0.04583333333333333
2 0.1640625 0.23333333333333334 0.1015625 0.09375
2 0.4390625 0.09166666666666666 0.0390625 0.05
2 0.5671875 0.041666666666666664 0.0234375 0.03333333333333333
2 0.3234375 0.65625 0.2 0.35208333333333336
2 0.5296875 0.23125 0.0546875 0.07916666666666666
2 0.5390625 0.08125 0.03125 0.041666666666666664
