0 0.8125 0.3145833333333333 0.01875 0.07708333333333334
2 0.253125 0.03125 0.0375 0.03333333333333333
0 0.8359375 0.32083333333333336 0.01875 0.07916666666666666
6 0.0484375 0.20625 0.0984375 0.25833333333333336
2 0.384375 0.5208333333333334 0.1484375 0.21875
2 0.3921875 0.08333333333333333 0.0390625 0.05
2 0.4296875 0.020833333333333332 0.03125 0.03333333333333333
2 0.45625 0.21666666666666667 0.06875 0.08541666666666667
2 0.5375 0.10208333333333333 0.034375 0.05
2 0.575 0.03125 0.0203125 0.03125
6 0.3 0.06875 0.103125 0.11875
2 0.4875 0.020833333333333332 0.025 0.03333333333333333
2 0.4484375 0.04583333333333333 0.03125 0.0375
2 0.53125 0.24791666666666667 0.0625 0.09375
2 0.2734375 0.1375 0.0859375 0.11041666666666666
