0 0.8359375 0.2625 0.025 0.08541666666666667
2 0.43125 0.05416666666666667 0.0375 0.041666666666666664
2 0.490625 0.04583333333333333 0.028125 0.0375
2 0.4859375 0.01875 0.0265625 0.03333333333333333
2 0.575 0.022916666666666665 0.01875 0.03125
2 0.2515625 0.03125 0.0390625 0.03333333333333333
2 0.46875 0.06875 0.0375 0.04583333333333333
2 0.94375 0.8666666666666667 0.1078125 0.26666666666666666
2 0.4390625 0.09166666666666666 0.0390625 0.05
2 0.346875 0.08333333333333333 0.0453125 0.04583333333333333
2 0.5125 0.2604166666666667 0.071875 0.125
2 0.578125 0.1 0.034375 0.04583333333333333
2 0.39375 0.2791666666666667 0.0859375 0.11041666666666666
2 0.5078125 0.1125 0.053125 0.09791666666666667
2 0.31875 0.13125 0.0578125 0.058333333333333334
