2 0.421875 0.058333333333333334 0.034375 0.04583333333333333
2 0.253125 0.03125 0.0375 0.03333333333333333
2 0.4375 0.08333333333333333 0.0453125 0.05416666666666667
2 0.43125 0.03125 0.03125 0.041666666666666664
5 0.5796875 0.0125 0.0203125 0.027083333333333334
2 0.446875 0.21875 0.071875 0.08541666666666667
2 0.553125 0.0625 0.0265625 0.0375
2 0.471875 0.05625 0.0390625 0.05
2 0.06875 0.4083333333333333 0.1265625 0.16458333333333333
2 0.5078125 0.13333333333333333 0.0453125 0.058333333333333334
2 0.075 0.20833333333333334 0.0578125 0.06875
