2 0.49375 0.016666666666666666 0.03125 0.03333333333333333
2 0.2515625 0.03125 0.0390625 0.03333333333333333
2 0.4546875 0.04583333333333333 0.03125 0.0375
2 0.4625 0.014583333333333334 0.0265625 0.029166666666666667
6 0.0453125 0.21041666666666667 0.090625 0.25833333333333336
5 0.6203125 0.016666666666666666 0.03125 0.03333333333333333
2 0.4234375 0.09791666666666667 0.0390625 0.05416666666666667
2 0.0453125 0.86875 0.0921875 0.2520833333333333
2 0.4578125 0.07708333333333334 0.034375 0.04583333333333333
2 0.3609375 0.3375 0.0984375 0.1375
2 0.5296875 0.09375 0.03125 0.04583333333333333
2 0.484375 0.16458333333333333 0.053125 0.06875
2 0.234375 0.14166666666666666 0.0671875 0.06666666666666667
2 0.240625 0.18333333333333332 0.0796875 0.07916666666666666
2 0.353125 0.11041666666666666 0.05 0.05
