5 0.4234375 0.09791666666666667 0.0390625 0.05416666666666667
5 0.621875 0.014583333333333334 0.0265625 0.03125
2 0.0328125 0.25833333333333336 0.0671875 0.125
2 0.284375 0.07083333333333333 0.0578125 0.0375
2 0.4546875 0.07708333333333334 0.0390625 0.05
2 0.2515625 0.03125 0.0390625 0.03333333333333333
2 0.45 0.22083333333333333 0.0671875 0.08541666666666667
2 0.5921875 0.06666666666666667 0.0234375 0.0375
2 0.534375 0.09166666666666666 0.034375 0.04583333333333333
2 0.5 0.041666666666666664 0.03125 0.0375
2 0.546875 0.125 0.0375 0.05416666666666667
2 0.2640625 0.11875 0.0765625 0.08333333333333333
