6 0.109375 0.20416666666666666 0.16875 0.20208333333333334
0 0.203125 0.1125 0.0171875 0.058333333333333334
2 0.1109375 0.7854166666666667 0.2234375 0.41041666666666665
5 0.5828125 0.041666666666666664 0.034375 0.06666666666666667
2 0.2515625 0.03125 0.0390625 0.03333333333333333
2 0.5296875 0.22083333333333333 0.0546875 0.07708333333333334
2 0.4625 0.035416666666666666 0.03125 0.03333333333333333
2 0.4890625 0.04583333333333333 0.03125 0.0375
5 0.0609375 0.24583333333333332 0.1015625 0.17291666666666666
2 0.58125 0.11666666666666667 0.034375 0.05
2 0.4390625 0.09166666666666666 0.0390625 0.05
2 0.4671875 0.06875 0.034375 0.04583333333333333
2 0.309375 0.11666666666666667 0.0671875 0.08541666666666667
