0 0.8046875 0.28958333333333336 0.01875 0.07708333333333334
0 0.828125 0.2916666666666667 0.01875 0.07708333333333334
2 0.5125 0.008333333333333333 0.0265625 0.01875
2 0.3984375 0.07916666666666666 0.0390625 0.041666666666666664
2 0.2515625 0.03125 0.0390625 0.03333333333333333
2 0.384375 0.0375 0.03125 0.03333333333333333
2 0.2203125 0.8333333333333334 0.2734375 0.32083333333333336
2 0.5328125 0.2125 0.0546875 0.07708333333333334
2 0.584375 0.125 0.0375 0.05416666666666667
5 0.1640625 0.13958333333333334 0.075 0.12916666666666668
2 0.078125 0.2604166666666667 0.15625 0.1875
2 0.4578125 0.0375 0.03125 0.0375
2 0.5640625 0.05 0.0265625 0.0375
2 0.5171875 0.11875 0.0421875 0.05416666666666667
2 0.3203125 0.12708333333333333 0.0546875 0.058333333333333334
6 0.203125 0.11666666666666667 0.1484375 0.15833333333333333
