5 0.621875 0.014583333333333334 0.0265625 0.03125
2 0.2515625 0.03125 0.0390625 0.03333333333333333
2 0.45625 0.07708333333333334 0.0375 0.04583333333333333
2 0.20625 0.0875 0.0703125 0.041666666666666664
2 0.546875 0.07083333333333333 0.03125 0.041666666666666664
2 0.5921875 0.052083333333333336 0.0203125 0.03333333333333333
2 0.4921875 0.16458333333333333 0.053125 0.06875
2 0.4953125 0.04583333333333333 0.03125 0.0375
2 0.1828125 0.16041666666666668 0.0984375 0.1
2 0.5546875 0.10208333333333333 0.034375 0.05
