2 0.5125 0.008333333333333333 0.0234375 0.01875
2 0.16875 0.0875 0.06875 0.041666666666666664
2 0.2515625 0.03125 0.0390625 0.03333333333333333
2 0.521875 0.23125 0.0546875 0.07708333333333334
2 0.3921875 0.28125 0.09375 0.12708333333333333
2 0.2875 0.75 0.2265625 0.4
2 0.1265625 0.2625 0.11875 0.10625
2 0.046875 0.25 0.09375 0.125
2 0.4484375 0.041666666666666664 0.0390625 0.05
2 0.2734375 0.16041666666666668 0.075 0.075
2 0.3171875 0.09791666666666667 0.0546875 0.05416666666666667
2 0.5015625 0.1375 0.0390625 0.058333333333333334
2 0.1796875 0.5708333333333333 0.1890625 0.23541666666666666
