2 0.4765625 0.00625 0.0265625 0.014583333333333334
1 0.2015625 0.11458333333333333 0.0265625 0.05416666666666667
5 0.2484375 0.10416666666666667 0.0546875 0.10833333333333334
2 0.2515625 0.03125 0.0390625 0.03333333333333333
2 0.3921875 0.05 0.0390625 0.041666666666666664
2 0.4484375 0.020833333333333332 0.034375 0.041666666666666664
2 0.5796875 0.014583333333333334 0.0203125 0.025
2 0.5375 0.010416666666666666 0.0203125 0.022916666666666665
6 0.28125 0.08541666666666667 0.10625 0.13333333333333333
2 0.1109375 0.2604166666666667 0.1234375 0.11666666666666667
2 0.45625 0.07708333333333334 0.034375 0.04583333333333333
2 0.553125 0.05416666666666667 0.0265625 0.041666666666666664
2 0.4953125 0.28541666666666665 0.0640625 0.09375
5 0.621875 0.014583333333333334 0.0265625 0.03125
2 0.465625 0.03333333333333333 0.034375 0.03333333333333333
2 0.3703125 0.09166666666666666 0.05 0.0625
2 0.521875 0.10833333333333334 0.0375 0.05416666666666667
