0 0.5984375 0.14375 0.0125 0.04583333333333333
0 0.703125 0.13125 0.01875 0.05416666666666667
2 0.0046875 0.12916666666666668 0.009375 0.058333333333333334
2 0.38125 0.09166666666666666 0.0390625 0.04583333333333333
6 0.340625 0.05625 0.09375 0.11041666666666666
0 0.8 0.18125 0.025 0.0625
2 0.5 0.0125 0.025 0.027083333333333334
2 0.2515625 0.027083333333333334 0.0390625 0.03125
2 0.1984375 0.18541666666666667 0.0984375 0.06666666666666667
2 0.6609375 0.2791666666666667 0.1375 0.08333333333333333
2 0.51875 0.12083333333333333 0.034375 0.05
