2 0.3921875 0.04791666666666667 0.053125 0.058333333333333334
2 0.4484375 0.075 0.0390625 0.05
2 0.2515625 0.03125 0.0390625 0.03333333333333333
2 0.5765625 0.027083333333333334 0.0203125 0.029166666666666667
2 0.2515625 0.5104166666666666 0.1890625 0.26875
2 0.4921875 0.014583333333333334 0.0265625 0.03125
2 0.0578125 0.29791666666666666 0.115625 0.17708333333333334
2 0.45 0.22708333333333333 0.0671875 0.08541666666666667
2 0.546875 0.06875 0.03125 0.0375
2 0.1828125 0.1625 0.0703125 0.06875
2 0.5140625 0.11875 0.0390625 0.05
2 0.340625 0.11666666666666667 0.0546875 0.05416666666666667
