2 0.4109375 0.06875 0.0375 0.05
2 0.425 0.03125 0.028125 0.03125
6 0.3515625 0.04791666666666667 0.078125 0.09791666666666667
2 0.434375 0.05 0.034375 0.041666666666666664
6 0.59375 0.0875 0.0625 0.13541666666666666
5 0.3296875 0.0625 0.0421875 0.09166666666666666
2 0.465625 0.03333333333333333 0.028125 0.0375
2 0.534375 0.24375 0.10625 0.07708333333333334
2 0.0125 0.14166666666666666 0.025 0.05416666666666667
2 0.878125 0.30833333333333335 0.1875 0.11875
2 0.4921875 0.041666666666666664 0.034375 0.04583333333333333
2 0.28125 0.20208333333333334 0.1078125 0.0625
2 0.7609375 0.24166666666666667 0.1265625 0.07708333333333334
