5 0.4359375 0.020833333333333332 0.0265625 0.0375
0 0.8515625 0.42916666666666664 0.0265625 0.09791666666666667
2 0.5140625 0.00625 0.0203125 0.014583333333333334
5 0.275 0.08333333333333333 0.0609375 0.11458333333333333
2 0.4140625 0.06875 0.0390625 0.041666666666666664
6 0.321875 0.06875 0.1484375 0.13958333333333334
0 0.8828125 0.43333333333333335 0.034375 0.10625
2 0.5375 0.07916666666666666 0.0375 0.058333333333333334
2 0.3578125 0.35 0.0953125 0.125
2 0.4953125 0.014583333333333334 0.025 0.03125
2 0.35 0.11041666666666666 0.0546875 0.0625
2 0.084375 0.28125 0.134375 0.11458333333333333
