5 0.425 0.09375 0.0421875 0.058333333333333334
2 0.2515625 0.03125 0.0390625 0.03333333333333333
2 0.115625 0.6833333333333333 0.2265625 0.29791666666666666
2 0.415625 0.0625 0.05 0.058333333333333334
0 0.946875 0.18958333333333333 0.0265625 0.07083333333333333
2 0.1265625 0.25416666666666665 0.1171875 0.11041666666666666
2 0.49375 0.3125 0.0796875 0.11666666666666667
2 0.546875 0.07083333333333333 0.028125 0.041666666666666664
2 0.39375 0.28125 0.084375 0.10833333333333334
2 0.478125 0.16458333333333333 0.0578125 0.07916666666666666
2 0.4875 0.01875 0.0265625 0.03125
2 0.5671875 0.13541666666666666 0.0390625 0.05416666666666667
2 0.228125 0.14583333333333334 0.078125 0.07708333333333334
2 0.0375 0.09166666666666666 0.0765625 0.041666666666666664
