2 0.484375 0.01875 0.034375 0.03333333333333333
2 0.51875 0.022916666666666665 0.028125 0.041666666666666664
5 0.315625 0.06666666666666667 0.0421875 0.09375
2 0.3921875 0.07916666666666666 0.0390625 0.05
2 0.4375 0.027083333333333334 0.028125 0.041666666666666664
6 0.3390625 0.05416666666666667 0.078125 0.10625
2 0.2515625 0.03125 0.0390625 0.03333333333333333
2 0.3453125 0.1 0.0578125 0.07708333333333334
2 0.43125 0.05 0.0375 0.041666666666666664
2 0.4671875 0.06875 0.034375 0.041666666666666664
2 0.4625 0.03125 0.0265625 0.03125
2 0.4296875 0.09375 0.046875 0.058333333333333334
