2 0.3953125 0.05 0.028125 0.03333333333333333
2 0.8890625 0.35 0.215625 0.17083333333333334
5 0.459375 0.029166666666666667 0.046875 0.058333333333333334
0 0.9828125 0.21041666666666667 0.0234375 0.058333333333333334
2 0.425 0.029166666666666667 0.034375 0.0375
2 0.2515625 0.03125 0.0390625 0.0375
2 0.4921875 0.016666666666666666 0.03125 0.03333333333333333
2 0.3625 0.06875 0.0390625 0.04583333333333333
5 0.0578125 0.26875 0.1171875 0.24583333333333332
2 0.378125 0.0875 0.0453125 0.05416666666666667
2 0.3140625 0.09583333333333334 0.053125 0.05416666666666667
6 0.3328125 0.24375 0.4921875 0.25625
6 0.60625 0.1125 0.1265625 0.20208333333333334
