5 0.4828125 0.01875 0.0390625 0.0375
2 0.4921875 0.04583333333333333 0.03125 0.0375
2 0.3609375 0.0375 0.0625 0.07083333333333333
2 0.5765625 0.13125 0.034375 0.05
2 0.440625 0.04583333333333333 0.034375 0.041666666666666664
2 0.41875 0.09791666666666667 0.046875 0.0625
6 0.134375 0.22291666666666668 0.16875 0.19166666666666668
2 0.3625 0.33125 0.103125 0.14166666666666666
2 0.5609375 0.04583333333333333 0.028125 0.041666666666666664
2 0.23125 0.8291666666666667 0.23125 0.33125
2 0.078125 0.8208333333333333 0.1578125 0.35
2 0.50625 0.125 0.0390625 0.058333333333333334
2 0.4625 0.06875 0.0375 0.041666666666666664
2 0.5265625 0.2375 0.0609375 0.08333333333333333
