2 0.4375 0.08541666666666667 0.0453125 0.05416666666666667
2 0.4765625 0.027083333333333334 0.028125 0.03333333333333333
2 0.33125 0.6770833333333334 0.18125 0.30625
2 0.471875 0.052083333333333336 0.0390625 0.058333333333333334
2 0.403125 0.2791666666666667 0.0984375 0.13541666666666666
2 0.5625 0.17083333333333334 0.046875 0.06875
2 0.14375 0.6291666666666667 0.2234375 0.2833333333333333
2 0.1375 0.23958333333333334 0.1265625 0.11666666666666667
2 0.5109375 0.12708333333333333 0.0421875 0.058333333333333334
2 0.5703125 0.0375 0.025 0.03333333333333333
2 0.271875 0.12291666666666666 0.0578125 0.058333333333333334
2 0.3375 0.11875 0.0546875 0.058333333333333334
