5 0.4203125 0.09791666666666667 0.046875 0.0625
2 0.2515625 0.03125 0.0390625 0.0375
2 0.453125 0.07083333333333333 0.0375 0.05
2 0.4390625 0.027083333333333334 0.0265625 0.03333333333333333
2 0.578125 0.041666666666666664 0.0265625 0.03333333333333333
2 0.5546875 0.10833333333333334 0.0375 0.05
5 0.64375 0.26875 0.109375 0.23541666666666666
2 0.328125 0.09166666666666666 0.046875 0.05
4 0.078125 0.21041666666666667 0.1578125 0.175
6 0.8375 0.3 0.3171875 0.3125
2 0.4796875 0.020833333333333332 0.03125 0.041666666666666664
