0 0.4578125 0.11875 0.015625 0.05
2 0.36875 0.0625 0.0390625 0.041666666666666664
2 0.2515625 0.03125 0.0390625 0.03333333333333333
2 0.978125 0.33541666666666664 0.0390625 0.09166666666666666
2 0.5234375 0.19791666666666666 0.09375 0.07083333333333333
2 0.0234375 0.15208333333333332 0.046875 0.058333333333333334
6 0.8109375 0.20208333333333334 0.23125 0.19791666666666666
4 0.7203125 0.6270833333333333 0.546875 0.55
2 0.3640625 0.1 0.046875 0.05416666666666667
2 0.3140625 0.08958333333333333 0.0609375 0.06875
2 0.5890625 0.2604166666666667 0.134375 0.08333333333333333
