2 0.4484375 0.075 0.0375 0.05
5 0.5859375 0.014583333333333334 0.03125 0.029166666666666667
5 0.421875 0.09583333333333334 0.05 0.0625
2 0.621875 0.027083333333333334 0.01875 0.03125
2 0.2515625 0.03125 0.0390625 0.03333333333333333
2 0.553125 0.058333333333333334 0.0265625 0.0375
2 0.53125 0.014583333333333334 0.03125 0.03125
2 0.2921875 0.425 0.140625 0.18541666666666667
2 0.5109375 0.12291666666666666 0.05 0.075
2 0.56875 0.13958333333333334 0.0390625 0.0625
2 0.4796875 0.05416666666666667 0.034375 0.041666666666666664
