6 0.81875 0.30416666666666664 0.1953125 0.21666666666666667
5 0.321875 0.07083333333333333 0.0640625 0.09375
6 0.16875 0.3229166666666667 0.328125 0.20833333333333334
2 0.5109375 0.008333333333333333 0.025 0.016666666666666666
2 0.2515625 0.03125 0.0390625 0.03333333333333333
2 0.4640625 0.035416666666666666 0.028125 0.03333333333333333
2 0.421875 0.225 0.1171875 0.07708333333333334
2 0.421875 0.1 0.0390625 0.058333333333333334
2 0.49375 0.014583333333333334 0.0265625 0.03125
2 0.3765625 0.09166666666666666 0.0421875 0.05
