2 0.5140625 0.008333333333333333 0.0203125 0.016666666666666666
1 0.203125 0.1125 0.028125 0.05
2 0.4484375 0.01875 0.028125 0.03333333333333333
2 0.4125 0.07083333333333333 0.0453125 0.04583333333333333
2 0.45625 0.075 0.034375 0.04583333333333333
2 0.2515625 0.03125 0.0390625 0.03333333333333333
2 0.4234375 0.09791666666666667 0.0390625 0.05416666666666667
6 0.396875 0.0375 0.0640625 0.075
2 0.5515625 0.05625 0.0265625 0.03333333333333333
5 0.3796875 0.03958333333333333 0.0375 0.07708333333333334
2 0.1515625 0.18125 0.0859375 0.08541666666666667
2 0.2921875 0.43125 0.1328125 0.17291666666666666
5 0.621875 0.016666666666666666 0.0265625 0.03333333333333333
2 0.2609375 0.16875 0.071875 0.07083333333333333
2 0.5234375 0.10208333333333333 0.0390625 0.05416666666666667
2 0.4546875 0.20416666666666666 0.0578125 0.07916666666666666
2 0.0578125 0.30416666666666664 0.1171875 0.12708333333333333
