6 0.34375 0.05416666666666667 0.0921875 0.10833333333333334
2 0.40625 0.04375 0.0390625 0.04583333333333333
2 0.5890625 0.010416666666666666 0.01875 0.022916666666666665
2 0.4859375 0.020833333333333332 0.0265625 0.03125
2 0.50625 0.010416666666666666 0.0234375 0.022916666666666665
2 0.5296875 0.21041666666666667 0.0546875 0.07708333333333334
2 0.4640625 0.0625 0.0390625 0.04583333333333333
6 0.2859375 0.08125 0.103125 0.125
2 0.446875 0.020833333333333332 0.0265625 0.03125
2 0.1453125 0.6479166666666667 0.2890625 0.4375
2 0.2 0.19583333333333333 0.109375 0.11666666666666667
4 0.546875 0.08125 0.0703125 0.12916666666666668
5 0.253125 0.10416666666666667 0.0546875 0.1
2 0.34375 0.11666666666666667 0.0609375 0.0625
