0 0.1984375 0.11666666666666667 0.0171875 0.05
5 0.4859375 0.020833333333333332 0.034375 0.0375
2 0.509375 0.0125 0.0203125 0.020833333333333332
6 0.3484375 0.052083333333333336 0.075 0.1
2 0.434375 0.04791666666666667 0.03125 0.0375
4 0.06875 0.06875 0.1375 0.09375
2 0.2515625 0.03125 0.0390625 0.03333333333333333
5 0.33125 0.0625 0.0453125 0.0875
2 0.4296875 0.09375 0.046875 0.058333333333333334
2 0.4625 0.03333333333333333 0.0265625 0.03333333333333333
2 0.946875 0.2875 0.1015625 0.08541666666666667
