2 0.59375 0.008333333333333333 0.01875 0.01875
2 0.421875 0.0625 0.03125 0.041666666666666664
2 0.4625 0.03333333333333333 0.0265625 0.03333333333333333
2 0.45625 0.016666666666666666 0.025 0.03125
2 0.4296875 0.03125 0.034375 0.041666666666666664
2 0.4375 0.08333333333333333 0.0453125 0.05416666666666667
2 0.4875 0.016666666666666666 0.025 0.03125
2 0.50625 0.0125 0.0203125 0.025
2 0.3828125 0.058333333333333334 0.034375 0.041666666666666664
2 0.4703125 0.05416666666666667 0.0390625 0.05416666666666667
2 0.6109375 0.03333333333333333 0.0234375 0.0375
2 0.3125 0.09791666666666667 0.046875 0.05
2 0.365625 0.1 0.05 0.05416666666666667
