2 0.2515625 0.03125 0.0390625 0.0375
2 0.4703125 0.029166666666666667 0.0265625 0.03333333333333333
2 0.440625 0.029166666666666667 0.03125 0.03333333333333333
2 0.4703125 0.3333333333333333 0.0796875 0.11875
2 0.1359375 0.18958333333333333 0.0875 0.08541666666666667
2 0.4703125 0.05416666666666667 0.0390625 0.05416666666666667
2 0.284375 0.11666666666666667 0.0546875 0.058333333333333334
2 0.3359375 0.11875 0.0578125 0.0625
2 0.503125 0.0125 0.0265625 0.025
2 0.159375 0.6125 0.2203125 0.28125
2 0.3734375 0.0625 0.0453125 0.05416666666666667
2 0.1390625 0.24583333333333332 0.1234375 0.11666666666666667
