2 0.109375 0.26458333333333334 0.11875 0.11458333333333333
0 0.8265625 0.3645833333333333 0.0234375 0.08541666666666667
2 0.5828125 0.0125 0.0234375 0.027083333333333334
0 0.85625 0.36875 0.0203125 0.09166666666666666
5 0.38125 0.03958333333333333 0.034375 0.06875
2 0.5140625 0.008333333333333333 0.0234375 0.016666666666666666
2 0.1109375 0.74375 0.2234375 0.39375
6 0.396875 0.035416666666666666 0.0625 0.07083333333333333
6 0.175 0.125 0.2578125 0.23333333333333334
2 0.415625 0.2833333333333333 0.084375 0.10833333333333334
2 0.49375 0.014583333333333334 0.025 0.03125
2 0.515625 0.125 0.0390625 0.05
2 0.4625 0.0375 0.028125 0.0375
2 0.2921875 0.15 0.0625 0.0625
