0 0.546875 0.13958333333333334 0.015625 0.04583333333333333
2 0.5 0.0125 0.025 0.027083333333333334
2 0.38125 0.09166666666666666 0.0390625 0.04583333333333333
6 0.4578125 0.03958333333333333 0.025 0.03125
2 0.4796875 0.027083333333333334 0.0265625 0.03333333333333333
6 0.34375 0.05625 0.1 0.11458333333333333
2 0.2515625 0.03125 0.0390625 0.03333333333333333
2 0.5921875 0.19583333333333333 0.1015625 0.06875
2 0.553125 0.24791666666666667 0.1265625 0.07708333333333334
2 0.21875 0.18125 0.1 0.06875
