2 0.4234375 0.09791666666666667 0.046875 0.0625
2 0.4546875 0.40625 0.10625 0.17083333333333334
5 0.2546875 0.09166666666666666 0.0703125 0.11666666666666667
2 0.4390625 0.04791666666666667 0.03125 0.03333333333333333
2 0.415625 0.2520833333333333 0.0703125 0.09375
2 0.3671875 0.10208333333333333 0.053125 0.05
2 0.5078125 0.03333333333333333 0.0265625 0.0375
2 0.45625 0.075 0.0375 0.04583333333333333
2 0.4875 0.05 0.03125 0.0375
2 0.05 0.25625 0.1 0.11458333333333333
2 0.2015625 0.20625 0.09375 0.1
2 0.484375 0.022916666666666665 0.0265625 0.03125
6 0.3078125 0.07083333333333333 0.153125 0.14375
2 0.53125 0.016666666666666666 0.03125 0.03333333333333333
2 0.5765625 0.11875 0.034375 0.05
2 0.484375 0.16666666666666666 0.046875 0.06666666666666667
2 0.1734375 0.5958333333333333 0.2 0.26875
