2 0.04375 0.8604166666666667 0.0875 0.2604166666666667
2 0.45625 0.041666666666666664 0.03125 0.03333333333333333
2 0.45625 0.075 0.0375 0.04583333333333333
2 0.40625 0.07083333333333333 0.0390625 0.04583333333333333
2 0.4828125 0.020833333333333332 0.0265625 0.029166666666666667
2 0.4859375 0.05 0.03125 0.041666666666666664
2 0.5078125 0.03333333333333333 0.0265625 0.03333333333333333
2 0.2484375 0.1375 0.0578125 0.0625
2 0.5296875 0.016666666666666666 0.03125 0.03333333333333333
2 0.28125 0.15416666666666667 0.071875 0.08333333333333333
2 0.215625 0.8479166666666667 0.253125 0.29791666666666666
2 0.3296875 0.09375 0.046875 0.05
