2 0.3921875 0.04791666666666667 0.0265625 0.03125
0 0.70625 0.13125 0.015625 0.04583333333333333
2 0.425 0.029166666666666667 0.034375 0.0375
5 0.459375 0.029166666666666667 0.046875 0.058333333333333334
2 0.946875 0.45625 0.103125 0.15833333333333333
2 0.4921875 0.016666666666666666 0.028125 0.03333333333333333
2 0.2515625 0.03125 0.0390625 0.0375
2 0.5921875 0.13333333333333333 0.0390625 0.05416666666666667
2 0.3609375 0.06875 0.0390625 0.04583333333333333
2 0.7125 0.22916666666666666 0.1140625 0.07083333333333333
2 0.1078125 0.17291666666666666 0.090625 0.075
2 0.3140625 0.09583333333333334 0.053125 0.05416666666666667
5 0.9546875 0.23541666666666666 0.0859375 0.2
2 0.378125 0.0875 0.0453125 0.05416666666666667
