2 0.2515625 0.03125 0.0390625 0.03333333333333333
0 0.9703125 0.20625 0.0265625 0.06666666666666667
2 0.490625 0.04583333333333333 0.028125 0.0375
2 0.4890625 0.30416666666666664 0.078125 0.11041666666666666
2 0.4828125 0.022916666666666665 0.028125 0.03333333333333333
5 0.575 0.052083333333333336 0.0421875 0.10208333333333333
2 0.46875 0.06875 0.0375 0.04583333333333333
2 0.4390625 0.09166666666666666 0.0390625 0.05
2 0.5640625 0.15625 0.0421875 0.06666666666666667
2 0.3625 0.0875 0.0578125 0.07083333333333333
