2 0.2515625 0.03125 0.0390625 0.03333333333333333
2 0.9671875 0.28125 0.0578125 0.07708333333333334
5 0.309375 0.08333333333333333 0.046875 0.07708333333333334
2 0.4625 0.0375 0.03125 0.03333333333333333
2 0.5625 0.10833333333333334 0.0375 0.05
2 0.0375 0.15833333333333333 0.0765625 0.07083333333333333
2 0.44375 0.23125 0.1234375 0.08541666666666667
2 0.678125 0.20416666666666666 0.09375 0.075
2 0.803125 0.3020833333333333 0.1609375 0.08541666666666667
2 0.35625 0.10833333333333334 0.0546875 0.05416666666666667
