2 0.45625 0.0375 0.028125 0.03333333333333333
2 0.4125 0.0375 0.0390625 0.04583333333333333
2 0.4375 0.08541666666666667 0.0421875 0.05416666666666667
2 0.4484375 0.022916666666666665 0.0265625 0.03333333333333333
2 0.39375 0.07916666666666666 0.0421875 0.05
2 0.4828125 0.01875 0.0265625 0.03125
2 0.50625 0.0125 0.025 0.025
2 0.61875 0.016666666666666666 0.0203125 0.029166666666666667
2 0.125 0.19375 0.0921875 0.07708333333333334
2 0.2125 0.8229166666666666 0.2671875 0.3416666666666667
2 0.4734375 0.05416666666666667 0.0375 0.05416666666666667
2 0.3125 0.13541666666666666 0.0625 0.0625
2 0.353125 0.07708333333333334 0.0421875 0.04583333333333333
2 0.253125 0.12708333333333333 0.0578125 0.0625
