2 0.5875 0.008333333333333333 0.01875 0.016666666666666666
6 0.0859375 0.18541666666666667 0.171875 0.22708333333333333
1 0.203125 0.1125 0.0265625 0.05
2 0.45625 0.075 0.0375 0.04583333333333333
2 0.0625 0.2875 0.1265625 0.13958333333333334
2 0.3890625 0.05 0.0421875 0.05416666666666667
2 0.2515625 0.03125 0.0390625 0.03333333333333333
2 0.565625 0.03333333333333333 0.0234375 0.0375
2 0.4640625 0.31666666666666665 0.0796875 0.11666666666666667
2 0.5703125 0.12291666666666666 0.034375 0.05
2 0.434375 0.23125 0.0703125 0.08541666666666667
5 0.621875 0.014583333333333334 0.0265625 0.03125
2 0.515625 0.027083333333333334 0.0265625 0.03333333333333333
2 0.36875 0.09791666666666667 0.0546875 0.05416666666666667
2 0.2859375 0.10833333333333334 0.0625 0.06666666666666667
