2 0.2921875 0.14583333333333334 0.0671875 0.06875
0 0.8734375 0.40625 0.03125 0.09375
5 0.4234375 0.027083333333333334 0.034375 0.05416666666666667
0 0.840625 0.40208333333333335 0.0234375 0.09375
6 0.2875 0.08333333333333333 0.16875 0.16875
2 0.45625 0.03333333333333333 0.0375 0.058333333333333334
2 0.9078125 0.8791666666666667 0.1765625 0.23333333333333334
2 0.19375 0.6104166666666667 0.196875 0.2833333333333333
2 0.5578125 0.04791666666666667 0.028125 0.05
2 0.509375 0.010416666666666666 0.0203125 0.020833333333333332
2 0.434375 0.23958333333333334 0.06875 0.08541666666666667
2 0.38125 0.08958333333333333 0.0390625 0.04583333333333333
2 0.484375 0.01875 0.0265625 0.03125
