0 0.3796875 0.12291666666666666 0.015625 0.05416666666666667
0 0.4609375 0.12916666666666668 0.015625 0.05416666666666667
0 0.434375 0.11875 0.0171875 0.058333333333333334
2 0.36875 0.0625 0.0390625 0.0375
4 0.3859375 0.49166666666666664 0.5625 0.4708333333333333
2 0.2515625 0.03125 0.0390625 0.03333333333333333
2 0.7921875 0.30416666666666664 0.153125 0.09166666666666666
6 0.834375 0.21041666666666667 0.253125 0.20625
2 0.5234375 0.19791666666666666 0.0921875 0.075
2 0.3640625 0.1 0.046875 0.058333333333333334
2 0.3140625 0.08958333333333333 0.0609375 0.06875
2 0.121875 0.18125 0.09375 0.0625
