2 0.4484375 0.075 0.0375 0.05
2 0.2515625 0.03125 0.0390625 0.03333333333333333
2 0.2 0.15625 0.06875 0.0625
2 0.575 0.027083333333333334 0.0234375 0.03125
2 0.2078125 0.5770833333333333 0.2109375 0.2833333333333333
2 0.4953125 0.0125 0.0265625 0.027083333333333334
2 0.5421875 0.075 0.03125 0.041666666666666664
2 0.4390625 0.24166666666666667 0.071875 0.09375
2 0.50625 0.12708333333333333 0.0421875 0.05416666666666667
2 0.3515625 0.11041666666666666 0.053125 0.05416666666666667
2 0.0703125 0.2791666666666667 0.1375 0.16458333333333333
