2 0.4546875 0.04375 0.03125 0.03333333333333333
2 0.4109375 0.06875 0.0421875 0.05
2 0.2515625 0.03125 0.0390625 0.03333333333333333
2 0.2578125 0.2 0.10625 0.075
2 0.9296875 0.3333333333333333 0.1375 0.09375
5 0.309375 0.08333333333333333 0.046875 0.07708333333333334
2 0.559375 0.075 0.0265625 0.041666666666666664
2 0.596875 0.25833333333333336 0.1421875 0.08333333333333333
2 0.8546875 0.2604166666666667 0.125 0.07916666666666666
2 0.609375 0.15416666666666667 0.053125 0.058333333333333334
2 0.3578125 0.10833333333333334 0.05 0.05
