2 0.509375 0.0125 0.01875 0.020833333333333332
2 0.4375 0.025 0.0265625 0.0375
5 0.4859375 0.020833333333333332 0.034375 0.0375
2 0.378125 0.08125 0.053125 0.06875
2 0.4359375 0.04791666666666667 0.03125 0.0375
2 0.2515625 0.03125 0.0390625 0.03333333333333333
6 0.35 0.05 0.071875 0.09791666666666667
5 0.33125 0.0625 0.0453125 0.0875
2 0.5703125 0.13333333333333333 0.046875 0.058333333333333334
2 0.4625 0.03333333333333333 0.0265625 0.03333333333333333
2 0.5609375 0.04375 0.0265625 0.0375
2 0.4296875 0.09375 0.046875 0.058333333333333334
2 0.7453125 0.22291666666666668 0.134375 0.1
2 0.490625 0.3145833333333333 0.1453125 0.0875
