2 0.371875 0.06041666666666667 0.0390625 0.041666666666666664
5 0.415625 0.10208333333333333 0.046875 0.0625
5 0.5953125 0.09375 0.0640625 0.13333333333333333
2 0.3765625 0.08541666666666667 0.05 0.06875
2 0.4375 0.04583333333333333 0.0390625 0.04583333333333333
2 0.4609375 0.016666666666666666 0.025 0.027083333333333334
2 0.471875 0.06041666666666667 0.034375 0.041666666666666664
4 0.15625 0.15833333333333333 0.215625 0.13958333333333334
2 0.8203125 0.29791666666666666 0.18125 0.12291666666666666
2 0.328125 0.09166666666666666 0.05 0.05
