5 0.3171875 0.07291666666666667 0.0578125 0.08541666666666667
0 0.703125 0.15 0.01875 0.05416666666666667
2 0.953125 0.28125 0.09375 0.07708333333333334
5 0.4390625 0.08541666666666667 0.0390625 0.05
2 0.4640625 0.035416666666666666 0.03125 0.03333333333333333
2 0.49375 0.014583333333333334 0.0265625 0.03125
2 0.2515625 0.03125 0.0390625 0.03333333333333333
2 0.528125 0.12916666666666668 0.0390625 0.05416666666666667
2 0.3765625 0.09166666666666666 0.0421875 0.05
2 0.6890625 0.21875 0.1171875 0.07708333333333334
