2 0.4109375 0.07083333333333333 0.0375 0.04583333333333333
2 0.4171875 0.0375 0.025 0.03333333333333333
2 0.509375 0.0125 0.01875 0.020833333333333332
2 0.2515625 0.027083333333333334 0.0390625 0.03125
6 0.3484375 0.04791666666666667 0.0765625 0.09791666666666667
2 0.9609375 0.2833333333333333 0.075 0.08541666666666667
5 0.3296875 0.0625 0.0421875 0.08541666666666667
2 0.959375 0.3229166666666667 0.0765625 0.09166666666666666
5 0.484375 0.016666666666666666 0.034375 0.03333333333333333
2 0.70625 0.27291666666666664 0.1640625 0.125
2 0.434375 0.05 0.034375 0.041666666666666664
2 0.4640625 0.03333333333333333 0.0265625 0.03333333333333333
2 0.4734375 0.05625 0.0375 0.04583333333333333
2 0.409375 0.22083333333333333 0.1 0.075
2 0.078125 0.42916666666666664 0.1578125 0.15416666666666667
2 0.171875 0.18125 0.0953125 0.0625
