0 0.3859375 0.11875 0.0125 0.04583333333333333
5 0.825 0.2125 0.0765625 0.16458333333333333
0 0.475 0.12916666666666668 0.0171875 0.058333333333333334
0 0.365625 0.12083333333333333 0.0125 0.041666666666666664
2 0.3671875 0.06666666666666667 0.0390625 0.041666666666666664
2 0.3640625 0.1 0.0453125 0.05416666666666667
4 0.653125 0.5666666666666667 0.5578125 0.48125
2 0.2515625 0.03125 0.0390625 0.03333333333333333
6 0.90625 0.23125 0.1875 0.2125
2 0.3140625 0.08958333333333333 0.0609375 0.06875
2 0.5359375 0.2 0.1015625 0.06875
2 0.584375 0.26666666666666666 0.1265625 0.07083333333333333
4 0.1359375 0.15 0.2390625 0.15208333333333332
