2 0.4515625 0.04583333333333333 0.028125 0.03333333333333333
2 0.41875 0.0375 0.034375 0.041666666666666664
2 0.5078125 0.010416666666666666 0.0234375 0.020833333333333332
6 0.3640625 0.05 0.084375 0.1
2 0.490625 0.020833333333333332 0.0265625 0.029166666666666667
2 0.4546875 0.014583333333333334 0.0265625 0.027083333333333334
2 0.5796875 0.022916666666666665 0.0203125 0.029166666666666667
2 0.509375 0.26666666666666666 0.0671875 0.10208333333333333
2 0.078125 0.8145833333333333 0.1578125 0.37083333333333335
2 0.43125 0.0875 0.0421875 0.05416666666666667
2 0.465625 0.0625 0.0390625 0.04583333333333333
6 0.303125 0.075 0.0984375 0.125
2 0.09375 0.26458333333333334 0.1375 0.12916666666666668
2 0.3765625 0.09375 0.05 0.05416666666666667
4 0.5375 0.09791666666666667 0.090625 0.13958333333333334
5 0.2578125 0.15833333333333333 0.0859375 0.09791666666666667
