5 0.5625 0.1125 0.1 0.13958333333333334
5 0.415625 0.10208333333333333 0.05 0.06666666666666667
2 0.3703125 0.06041666666666667 0.0390625 0.041666666666666664
2 0.4390625 0.041666666666666664 0.034375 0.041666666666666664
2 0.5109375 0.008333333333333333 0.025 0.01875
2 0.3765625 0.0875 0.05 0.06666666666666667
2 0.459375 0.016666666666666666 0.0265625 0.027083333333333334
2 0.453125 0.07708333333333334 0.034375 0.04583333333333333
6 0.6875 0.15833333333333333 0.3203125 0.2375
2 0.3265625 0.09166666666666666 0.05 0.05
