5 0.421875 0.09791666666666667 0.05 0.0625
4 0.05 0.20625 0.1 0.18541666666666667
6 0.84375 0.29375 0.3125 0.2875
2 0.2515625 0.03125 0.0390625 0.0375
2 0.453125 0.07083333333333333 0.0375 0.04583333333333333
2 0.5734375 0.05416666666666667 0.028125 0.03333333333333333
2 0.4453125 0.020833333333333332 0.0265625 0.03125
2 0.4890625 0.016666666666666666 0.028125 0.03333333333333333
5 0.6984375 0.275 0.121875 0.24375
2 0.5453125 0.125 0.0453125 0.05416666666666667
2 0.328125 0.09166666666666666 0.046875 0.05
