2 0.509375 0.0125 0.01875 0.020833333333333332
2 0.4375 0.025 0.0265625 0.0375
2 0.4375 0.04583333333333333 0.03125 0.0375
5 0.4859375 0.01875 0.034375 0.0375
5 0.3296875 0.06666666666666667 0.0421875 0.08333333333333333
2 0.2515625 0.03125 0.0390625 0.03333333333333333
6 0.3484375 0.052083333333333336 0.0765625 0.1
2 0.4296875 0.09375 0.046875 0.058333333333333334
2 0.4625 0.03333333333333333 0.0265625 0.03333333333333333
2 0.5640625 0.11875 0.034375 0.05
2 0.5703125 0.03333333333333333 0.025 0.0375
2 0.7140625 0.2125 0.125 0.09791666666666667
2 0.4078125 0.3125 0.15 0.0875
