0 0.8953125 0.17708333333333334 0.0234375 0.075
2 0.03125 0.26875 0.0625 0.13541666666666666
2 0.425 0.09375 0.0421875 0.058333333333333334
2 0.2515625 0.03125 0.0390625 0.03333333333333333
2 0.4375 0.23541666666666666 0.06875 0.08541666666666667
2 0.4484375 0.04583333333333333 0.03125 0.0375
2 0.5953125 0.06666666666666667 0.0265625 0.0375
2 0.56875 0.14375 0.0421875 0.0625
2 0.58125 0.01875 0.01875 0.03125
2 0.490625 0.14375 0.0453125 0.05416666666666667
2 0.534375 0.0875 0.0375 0.05
2 0.3328125 0.11041666666666666 0.06875 0.07708333333333334
