2 0.45 0.075 0.0375 0.05
5 0.5625 0.035416666666666666 0.0453125 0.07083333333333333
2 0.4203125 0.45416666666666666 0.1234375 0.19166666666666668
5 0.4203125 0.09583333333333334 0.05 0.0625
2 0.2515625 0.03125 0.0390625 0.03333333333333333
2 0.16875 0.17291666666666666 0.084375 0.07708333333333334
2 0.6 0.08958333333333333 0.03125 0.041666666666666664
5 0.6046875 0.01875 0.03125 0.0375
2 0.496875 0.14375 0.0453125 0.0625
2 0.4796875 0.05 0.034375 0.041666666666666664
2 0.36875 0.3104166666666667 0.1171875 0.15625
