6 0.246875 0.0875 0.2 0.17083333333333334
0 0.834375 0.38333333333333336 0.0265625 0.08333333333333333
2 0.3125 0.43333333333333335 0.1265625 0.17083333333333334
2 0.23125 0.1875 0.084375 0.07916666666666666
2 0.5703125 0.029166666666666667 0.0265625 0.041666666666666664
2 0.4765625 0.027083333333333334 0.028125 0.0375
2 0.478125 0.17916666666666667 0.05 0.06875
2 0.503125 0.0125 0.025 0.025
2 0.4390625 0.041666666666666664 0.0421875 0.0625
2 0.353125 0.11041666666666666 0.05 0.05416666666666667
