1 0.203125 0.1125 0.0265625 0.05416666666666667
5 0.425 0.09791666666666667 0.0390625 0.05416666666666667
5 0.621875 0.014583333333333334 0.0265625 0.03125
2 0.615625 0.04583333333333333 0.0203125 0.03333333333333333
2 0.584375 0.11458333333333333 0.034375 0.05
5 0.359375 0.052083333333333336 0.0390625 0.07708333333333334
2 0.553125 0.20625 0.046875 0.08541666666666667
2 0.2515625 0.03125 0.0390625 0.03333333333333333
2 0.603125 0.07083333333333333 0.0265625 0.041666666666666664
6 0.378125 0.041666666666666664 0.06875 0.08541666666666667
2 0.484375 0.05416666666666667 0.03125 0.0375
