5 0.5703125 0.041666666666666664 0.046875 0.08541666666666667
5 0.1625 0.14583333333333334 0.0625 0.1375
2 0.5546875 0.11041666666666666 0.03125 0.05
2 0.4171875 0.041666666666666664 0.0265625 0.03333333333333333
2 0.4640625 0.0125 0.028125 0.027083333333333334
2 0.4640625 0.0625 0.0421875 0.05
6 0.2890625 0.07083333333333333 0.1109375 0.13958333333333334
2 0.4890625 0.020833333333333332 0.0265625 0.029166666666666667
2 0.3703125 0.0625 0.0421875 0.05
2 0.43125 0.0875 0.0421875 0.05
2 0.4171875 0.25625 0.10625 0.15833333333333333
2 0.3671875 0.1 0.05 0.05416666666666667
2 0.1796875 0.22708333333333333 0.109375 0.10833333333333334
6 0.203125 0.11458333333333333 0.1421875 0.15625
