0 0.375 0.125 0.0125 0.05
0 0.465625 0.12708333333333333 0.0171875 0.058333333333333334
5 0.85 0.21875 0.075 0.15625
6 0.921875 0.2375 0.153125 0.22083333333333333
2 0.3671875 0.06666666666666667 0.0390625 0.041666666666666664
2 0.2515625 0.03125 0.0390625 0.03333333333333333
4 0.44375 0.5020833333333333 0.4890625 0.43333333333333335
4 0.196875 0.15833333333333333 0.253125 0.15625
2 0.3640625 0.1 0.0453125 0.05416666666666667
2 0.6640625 0.28125 0.1328125 0.08333333333333333
2 0.3140625 0.09166666666666666 0.0578125 0.06666666666666667
2 0.5453125 0.20625 0.103125 0.07083333333333333
