2 0.50625 0.0125 0.0171875 0.020833333333333332
2 0.4625 0.014583333333333334 0.0203125 0.025
0 0.203125 0.11666666666666667 0.01875 0.05
2 0.4375 0.022916666666666665 0.028125 0.03333333333333333
2 0.5453125 0.008333333333333333 0.0203125 0.01875
2 0.4375 0.04791666666666667 0.03125 0.0375
2 0.2515625 0.03125 0.0390625 0.03333333333333333
2 0.5140625 0.027083333333333334 0.0265625 0.03333333333333333
6 0.35 0.05 0.071875 0.1
5 0.3296875 0.06041666666666667 0.0421875 0.08541666666666667
2 0.5921875 0.05416666666666667 0.0265625 0.0375
2 0.4625 0.035416666666666666 0.0265625 0.03333333333333333
2 0.428125 0.09375 0.0453125 0.058333333333333334
2 0.553125 0.08541666666666667 0.03125 0.04583333333333333
