2 0.4125 0.06875 0.0421875 0.05
2 0.4484375 0.04583333333333333 0.028125 0.03333333333333333
2 0.2515625 0.03125 0.0390625 0.03333333333333333
2 0.596875 0.26458333333333334 0.115625 0.07916666666666666
2 0.953125 0.3375 0.090625 0.09166666666666666
5 0.309375 0.08333333333333333 0.046875 0.07708333333333334
2 0.5734375 0.03333333333333333 0.0265625 0.03333333333333333
2 0.6921875 0.22291666666666668 0.109375 0.075
2 0.0390625 0.15625 0.075 0.07083333333333333
2 0.3296875 0.20208333333333334 0.121875 0.06875
2 0.5921875 0.08541666666666667 0.0265625 0.041666666666666664
2 0.3578125 0.10833333333333334 0.05 0.05
