2 0.959375 0.925 0.078125 0.14583333333333334
5 0.6046875 0.022916666666666665 0.034375 0.04583333333333333
6 0.5546875 0.04583333333333333 0.046875 0.08333333333333333
5 0.421875 0.09583333333333334 0.05 0.0625
2 0.3078125 0.6729166666666667 0.2046875 0.35208333333333336
2 0.2515625 0.03125 0.0390625 0.0375
2 0.5921875 0.11041666666666666 0.034375 0.04583333333333333
2 0.475 0.175 0.0546875 0.06875
2 0.228125 0.14375 0.0671875 0.06666666666666667
2 0.4796875 0.05 0.034375 0.041666666666666664
2 0.2921875 0.41875 0.1609375 0.22083333333333333
