0 0.784375 0.21041666666666667 0.015625 0.058333333333333334
0 0.7671875 0.21041666666666667 0.0171875 0.05416666666666667
5 0.3296875 0.06458333333333334 0.1375 0.12916666666666668
2 0.253125 0.03125 0.0375 0.03333333333333333
2 0.625 0.0125 0.01875 0.027083333333333334
2 0.5125 0.010416666666666666 0.0265625 0.020833333333333332
2 0.403125 0.2791666666666667 0.090625 0.11458333333333333
2 0.2765625 0.13541666666666666 0.09375 0.11875
2 0.5421875 0.0875 0.0375 0.04583333333333333
2 0.46875 0.035416666666666666 0.03125 0.03333333333333333
2 0.5015625 0.14166666666666666 0.0421875 0.0625
