2 0.553125 0.00625 0.0203125 0.0125
2 0.378125 0.08125 0.05 0.06875
2 0.4375 0.025 0.0265625 0.0375
0 0.2015625 0.11666666666666667 0.0203125 0.05
6 0.3484375 0.05 0.0765625 0.1
2 0.2515625 0.03125 0.0390625 0.03333333333333333
2 0.4359375 0.04791666666666667 0.03125 0.0375
2 0.525 0.020833333333333332 0.0265625 0.03333333333333333
5 0.33125 0.0625 0.0453125 0.0875
2 0.4625 0.035416666666666666 0.0265625 0.03333333333333333
2 0.5265625 0.12708333333333333 0.0453125 0.0625
2 0.4296875 0.09375 0.046875 0.058333333333333334
2 0.5765625 0.08541666666666667 0.03125 0.04583333333333333
