2 0.51875 0.022916666666666665 0.03125 0.04583333333333333
0 0.9859375 0.21041666666666667 0.0203125 0.0625
2 0.0546875 0.875 0.1109375 0.25
6 0.1515625 0.18541666666666667 0.1453125 0.18333333333333332
5 0.1078125 0.22083333333333333 0.0921875 0.15208333333333332
5 0.58125 0.05 0.0375 0.06666666666666667
2 0.2515625 0.03125 0.0390625 0.03333333333333333
2 0.490625 0.04583333333333333 0.028125 0.0375
2 0.51875 0.24583333333333332 0.0609375 0.08333333333333333
2 0.46875 0.03125 0.03125 0.03333333333333333
2 0.46875 0.06875 0.0375 0.04583333333333333
2 0.575 0.12708333333333333 0.0390625 0.05416666666666667
2 0.4390625 0.09166666666666666 0.0390625 0.05
2 0.328125 0.10625 0.0640625 0.07708333333333334
