2 0.6234375 0.008333333333333333 0.0203125 0.01875
0 0.775 0.22083333333333333 0.0125 0.0625
0 0.7953125 0.22291666666666668 0.0171875 0.06875
2 0.2515625 0.03125 0.0390625 0.03333333333333333
2 0.615625 0.03125 0.0203125 0.03333333333333333
2 0.45625 0.21041666666666667 0.0578125 0.07916666666666666
2 0.515625 0.12708333333333333 0.046875 0.058333333333333334
2 0.4984375 0.014583333333333334 0.0265625 0.029166666666666667
2 0.275 0.4625 0.1578125 0.2
2 0.0546875 0.30625 0.109375 0.13541666666666666
