2 0.4703125 0.029166666666666667 0.028125 0.03125
0 0.0703125 0.07083333333333333 0.015625 0.04583333333333333
2 0.4421875 0.04583333333333333 0.03125 0.03333333333333333
2 0.4375 0.08333333333333333 0.0453125 0.05416666666666667
6 0.5578125 0.04583333333333333 0.05 0.09166666666666666
2 0.459375 0.016666666666666666 0.01875 0.029166666666666667
2 0.4890625 0.01875 0.025 0.029166666666666667
2 0.434375 0.029166666666666667 0.034375 0.04583333333333333
2 0.375 0.0625 0.034375 0.041666666666666664
2 0.4078125 0.07083333333333333 0.0421875 0.05
2 0.50625 0.0125 0.0203125 0.025
2 0.4703125 0.05416666666666667 0.0390625 0.05416666666666667
2 0.5515625 0.13333333333333333 0.0421875 0.05
2 0.325 0.09166666666666666 0.046875 0.05
2 0.0546875 0.24583333333333332 0.109375 0.07916666666666666
