2 0.4375 0.025 0.0265625 0.0375
2 0.378125 0.08125 0.05 0.06875
2 0.2515625 0.03125 0.0390625 0.03333333333333333
0 0.203125 0.11666666666666667 0.01875 0.05416666666666667
2 0.434375 0.04791666666666667 0.03125 0.0375
5 0.3296875 0.0625 0.0421875 0.08541666666666667
6 0.35 0.052083333333333336 0.071875 0.1
2 0.4625 0.035416666666666666 0.0265625 0.03333333333333333
2 0.4296875 0.09375 0.046875 0.058333333333333334
2 0.5296875 0.014583333333333334 0.0265625 0.03125
2 0.4953125 0.15416666666666667 0.0640625 0.06875
2 0.5609375 0.10833333333333334 0.0390625 0.05
