2 0.4078125 0.07083333333333333 0.034375 0.04583333333333333
2 0.2515625 0.03125 0.0390625 0.03333333333333333
5 0.425 0.09375 0.0453125 0.058333333333333334
2 0.609375 0.03125 0.01875 0.029166666666666667
2 0.5296875 0.09375 0.034375 0.04583333333333333
2 0.5046875 0.13958333333333334 0.0390625 0.05416666666666667
2 0.515625 0.25625 0.075 0.13333333333333333
2 0.5578125 0.052083333333333336 0.028125 0.041666666666666664
2 0.59375 0.08541666666666667 0.03125 0.04583333333333333
2 0.225 0.17291666666666666 0.0953125 0.10833333333333334
