6 0.2546875 0.20625 0.18125 0.11875
2 0.415625 0.07083333333333333 0.034375 0.041666666666666664
6 0.4015625 0.03333333333333333 0.09375 0.06875
2 0.5125 0.008333333333333333 0.0234375 0.01875
2 0.2546875 0.20625 0.18125 0.11875
2 0.2515625 0.03125 0.0390625 0.0375
5 0.371875 0.041666666666666664 0.046875 0.07916666666666666
2 0.3703125 0.09791666666666667 0.046875 0.05416666666666667
2 0.46875 0.03333333333333333 0.0265625 0.03333333333333333
2 0.4953125 0.020833333333333332 0.025 0.03333333333333333
2 0.465625 0.06666666666666667 0.034375 0.04583333333333333
2 0.3234375 0.08958333333333333 0.05 0.05416666666666667
2 0.4359375 0.08958333333333333 0.0421875 0.05
