5 0.621875 0.014583333333333334 0.0265625 0.03125
2 0.4546875 0.07708333333333334 0.0390625 0.04583333333333333
2 0.2515625 0.03125 0.0390625 0.03333333333333333
2 0.496875 0.15625 0.05 0.06666666666666667
2 0.5921875 0.04791666666666667 0.0203125 0.03333333333333333
2 0.55 0.06875 0.03125 0.0375
2 0.1875 0.08958333333333333 0.071875 0.041666666666666664
2 0.5546875 0.09791666666666667 0.03125 0.04583333333333333
2 0.4953125 0.04583333333333333 0.03125 0.0375
2 0.15625 0.17291666666666666 0.1078125 0.10833333333333334
