5 0.5171875 0.025 0.03125 0.04583333333333333
0 0.98125 0.20625 0.0203125 0.06875
5 0.5765625 0.04791666666666667 0.0390625 0.09375
5 0.1703125 0.1875 0.0765625 0.13333333333333333
2 0.2515625 0.03125 0.0390625 0.03333333333333333
2 0.490625 0.04583333333333333 0.028125 0.0375
2 0.5 0.2875 0.06875 0.1
2 0.478125 0.025 0.0265625 0.03333333333333333
2 0.46875 0.06875 0.0375 0.04583333333333333
2 0.5671875 0.14791666666666667 0.0421875 0.0625
2 0.4390625 0.09166666666666666 0.0390625 0.05
2 0.353125 0.09166666666666666 0.0578125 0.06875
