2 0.415625 0.07083333333333333 0.034375 0.041666666666666664
6 0.4015625 0.03333333333333333 0.09375 0.06875
2 0.515625 0.010416666666666666 0.025 0.020833333333333332
5 0.371875 0.041666666666666664 0.046875 0.08541666666666667
2 0.2515625 0.03125 0.0390625 0.03333333333333333
2 0.9671875 0.3229166666666667 0.0578125 0.11666666666666667
2 0.4953125 0.020833333333333332 0.025 0.03333333333333333
2 0.5828125 0.027083333333333334 0.0203125 0.029166666666666667
2 0.46875 0.03125 0.0265625 0.03125
2 0.465625 0.06666666666666667 0.034375 0.04583333333333333
2 0.3703125 0.09583333333333334 0.046875 0.05
2 0.3234375 0.0875 0.05 0.05416666666666667
2 0.4359375 0.08958333333333333 0.0421875 0.05
