2 0.4234375 0.0625 0.034375 0.041666666666666664
2 0.596875 0.05416666666666667 0.025 0.0375
2 0.378125 0.32083333333333336 0.09375 0.12291666666666666
2 0.0765625 0.8166666666666667 0.153125 0.34791666666666665
2 0.4671875 0.3854166666666667 0.0953125 0.16458333333333333
2 0.4984375 0.014583333333333334 0.0265625 0.029166666666666667
2 0.1921875 0.15625 0.09375 0.09166666666666666
2 0.471875 0.05416666666666667 0.0390625 0.05416666666666667
2 0.3328125 0.12083333333333333 0.0625 0.0625
2 0.3765625 0.06666666666666667 0.0390625 0.041666666666666664
2 0.5140625 0.12083333333333333 0.0390625 0.058333333333333334
