2 0.628125 0.008333333333333333 0.01875 0.01875
2 0.0390625 0.8729166666666667 0.078125 0.24791666666666667
2 0.4375 0.08125 0.0453125 0.058333333333333334
2 0.478125 0.025 0.0265625 0.029166666666666667
2 0.3875 0.5104166666666666 0.1265625 0.21458333333333332
2 0.446875 0.025 0.0265625 0.03333333333333333
2 0.50625 0.0125 0.025 0.025
2 0.203125 0.15416666666666667 0.06875 0.06875
2 0.3921875 0.05 0.0390625 0.05
2 0.471875 0.05416666666666667 0.0390625 0.05416666666666667
2 0.0453125 0.24375 0.0921875 0.10625
2 0.371875 0.09583333333333334 0.05 0.05416666666666667
2 0.3234375 0.09375 0.05 0.05
2 0.2421875 0.17916666666666667 0.0859375 0.07916666666666666
