5 0.415625 0.10208333333333333 0.046875 0.0625
2 0.3703125 0.06041666666666667 0.0390625 0.041666666666666664
2 0.3765625 0.0875 0.05 0.06666666666666667
2 0.4390625 0.041666666666666664 0.034375 0.041666666666666664
2 0.4546875 0.07708333333333334 0.0375 0.04583333333333333
2 0.459375 0.016666666666666666 0.0265625 0.027083333333333334
5 0.709375 0.17916666666666667 0.09375 0.17708333333333334
2 0.59375 0.11875 0.034375 0.05416666666666667
2 0.0640625 0.15625 0.10625 0.07916666666666666
2 0.325 0.09166666666666666 0.05 0.05
6 0.8609375 0.20833333333333334 0.2671875 0.24791666666666667
