0 0.828125 0.23541666666666666 0.01875 0.07708333333333334
0 0.184375 0.11041666666666666 0.0171875 0.05416666666666667
2 0.4375 0.08333333333333333 0.0453125 0.05416666666666667
2 0.2515625 0.03125 0.0390625 0.03333333333333333
2 0.3453125 0.05 0.05 0.05
2 0.4734375 0.05625 0.0375 0.05
2 0.58125 0.01875 0.025 0.03125
2 0.121875 0.225 0.0578125 0.07708333333333334
2 0.3796875 0.07916666666666666 0.0421875 0.058333333333333334
2 0.55625 0.05416666666666667 0.028125 0.041666666666666664
2 0.56875 0.10208333333333333 0.03125 0.04583333333333333
2 0.3203125 0.0875 0.0546875 0.06666666666666667
