6 0.328125 0.06875 0.0625 0.09166666666666666
0 0.6953125 0.14375 0.01875 0.05
5 0.3140625 0.07708333333333334 0.046875 0.07916666666666666
0 0.80625 0.17083333333333334 0.0203125 0.05416666666666667
2 0.5109375 0.008333333333333333 0.0265625 0.016666666666666666
2 0.2515625 0.03125 0.0390625 0.03333333333333333
2 0.4640625 0.035416666666666666 0.028125 0.03333333333333333
2 0.49375 0.014583333333333334 0.0265625 0.03125
2 0.5859375 0.1 0.034375 0.04583333333333333
2 0.940625 0.44375 0.1140625 0.175
2 0.5953125 0.17291666666666666 0.0703125 0.06666666666666667
2 0.5828125 0.020833333333333332 0.0203125 0.03125
2 0.3765625 0.09166666666666666 0.0421875 0.05
