0 0.809375 0.25416666666666665 0.0171875 0.075
0 0.7859375 0.25 0.0171875 0.06875
2 0.578125 0.022916666666666665 0.025 0.029166666666666667
2 0.61875 0.022916666666666665 0.0203125 0.03125
2 0.1078125 0.7375 0.215625 0.3333333333333333
2 0.2515625 0.03125 0.0390625 0.03333333333333333
2 0.375 0.32708333333333334 0.109375 0.13958333333333334
2 0.153125 0.23333333333333334 0.1 0.10208333333333333
2 0.215625 0.08333333333333333 0.06875 0.041666666666666664
2 0.58125 0.11875 0.0375 0.05416666666666667
2 0.6046875 0.05416666666666667 0.025 0.0375
2 0.3453125 0.1125 0.05 0.05416666666666667
