2 0.9828125 0.28541666666666665 0.0265625 0.08333333333333333
2 0.2515625 0.03125 0.0390625 0.03333333333333333
5 0.309375 0.08333333333333333 0.046875 0.07708333333333334
2 0.4640625 0.035416666666666666 0.028125 0.03333333333333333
2 0.484375 0.23541666666666666 0.125 0.08541666666666667
2 0.0578125 0.16458333333333333 0.0828125 0.07083333333333333
2 0.696875 0.21666666666666667 0.1015625 0.07083333333333333
2 0.5640625 0.11666666666666667 0.0421875 0.05416666666666667
2 0.846875 0.3104166666666667 0.16875 0.0875
2 0.35625 0.10833333333333334 0.05 0.05416666666666667
