2 0.4484375 0.075 0.0390625 0.05
2 0.6265625 0.0125 0.01875 0.027083333333333334
5 0.590625 0.008333333333333333 0.0265625 0.01875
5 0.421875 0.09583333333333334 0.05 0.0625
2 0.2515625 0.03125 0.0390625 0.03333333333333333
2 0.5640625 0.0375 0.0265625 0.03333333333333333
2 0.521875 0.022916666666666665 0.0265625 0.03333333333333333
2 0.403125 0.275 0.090625 0.10833333333333334
2 0.5890625 0.09375 0.034375 0.05
2 0.4796875 0.05416666666666667 0.034375 0.041666666666666664
2 0.5328125 0.08541666666666667 0.0390625 0.0625
