2 0.425 0.09375 0.0421875 0.058333333333333334
2 0.3921875 0.5333333333333333 0.1453125 0.23333333333333334
2 0.2515625 0.03125 0.0390625 0.0375
2 0.5046875 0.010416666666666666 0.0234375 0.022916666666666665
2 0.4296875 0.23541666666666666 0.078125 0.1
2 0.5421875 0.19583333333333333 0.046875 0.06666666666666667
2 0.1234375 0.09166666666666666 0.075 0.041666666666666664
2 0.0578125 0.32083333333333336 0.1171875 0.12916666666666668
2 0.278125 0.4354166666666667 0.1375 0.17291666666666666
2 0.4390625 0.04583333333333333 0.0421875 0.05
2 0.2328125 0.18541666666666667 0.0859375 0.07916666666666666
2 0.2921875 0.11041666666666666 0.0578125 0.0625
2 0.5203125 0.11041666666666666 0.034375 0.05
