2 0.4375 0.025 0.028125 0.0375
2 0.509375 0.0125 0.0203125 0.020833333333333332
2 0.378125 0.08125 0.053125 0.06875
0 0.203125 0.11666666666666667 0.01875 0.05416666666666667
5 0.4859375 0.020833333333333332 0.034375 0.0375
4 0.075 0.06875 0.15 0.09791666666666667
2 0.434375 0.04583333333333333 0.03125 0.041666666666666664
2 0.2515625 0.03125 0.0390625 0.03333333333333333
6 0.3484375 0.05 0.0765625 0.1
5 0.33125 0.0625 0.0453125 0.0875
2 0.4296875 0.09375 0.046875 0.058333333333333334
2 0.4625 0.03333333333333333 0.0265625 0.03333333333333333
2 0.93125 0.28541666666666665 0.1296875 0.08333333333333333
