5 0.4234375 0.09791666666666667 0.0390625 0.05416666666666667
2 0.45625 0.07708333333333334 0.0375 0.05
2 0.2515625 0.03125 0.0390625 0.03333333333333333
5 0.4484375 0.020833333333333332 0.05 0.041666666666666664
5 0.621875 0.014583333333333334 0.0265625 0.03125
2 0.584375 0.0125 0.0203125 0.027083333333333334
2 0.6078125 0.06666666666666667 0.0265625 0.0375
2 0.4875 0.05416666666666667 0.03125 0.041666666666666664
2 0.40625 0.5541666666666667 0.134375 0.23333333333333334
2 0.5828125 0.12291666666666666 0.0390625 0.05416666666666667
2 0.534375 0.23541666666666666 0.0578125 0.08333333333333333
