2 0.459375 0.027083333333333334 0.0390625 0.05416666666666667
2 0.5 0.0125 0.025 0.025
2 0.2515625 0.027083333333333334 0.0390625 0.03125
2 0.409375 0.07291666666666667 0.0375 0.04583333333333333
6 0.175 0.12708333333333333 0.1421875 0.16458333333333333
2 0.39375 0.052083333333333336 0.0375 0.04583333333333333
2 0.4625 0.07083333333333333 0.034375 0.04583333333333333
2 0.428125 0.09375 0.0453125 0.058333333333333334
2 0.1953125 0.6041666666666666 0.2078125 0.2833333333333333
2 0.271875 0.15416666666666667 0.0703125 0.075
2 0.1359375 0.24375 0.1015625 0.10625
2 0.4921875 0.16458333333333333 0.05 0.0625
5 0.1296875 0.15208333333333332 0.0703125 0.125
2 0.5 0.0375 0.03125 0.04583333333333333
2 0.3296875 0.0875 0.046875 0.05
