5 0.4484375 0.022916666666666665 0.05 0.04583333333333333
2 0.4375 0.08541666666666667 0.0453125 0.05416666666666667
2 0.5875 0.010416666666666666 0.0203125 0.020833333333333332
2 0.2515625 0.03125 0.0390625 0.03333333333333333
2 0.5765625 0.07291666666666667 0.0265625 0.0375
2 0.4734375 0.05625 0.0375 0.05
2 0.56875 0.03333333333333333 0.0265625 0.03333333333333333
2 0.2921875 0.0625 0.0625 0.058333333333333334
2 0.3796875 0.08125 0.0421875 0.05416666666666667
2 0.0828125 0.17916666666666667 0.0640625 0.06875
2 0.3171875 0.09166666666666666 0.0546875 0.06666666666666667
