6 0.4125 0.03333333333333333 0.0609375 0.06666666666666667
6 0.03125 0.21458333333333332 0.0625 0.28125
5 0.4 0.03333333333333333 0.0375 0.06666666666666667
2 0.459375 0.014583333333333334 0.0265625 0.029166666666666667
2 0.2515625 0.03125 0.0390625 0.0375
2 0.4234375 0.09791666666666667 0.0390625 0.05416666666666667
2 0.0859375 0.8083333333333333 0.16875 0.3625
2 0.4453125 0.05 0.034375 0.0375
2 0.384375 0.30416666666666664 0.0859375 0.11666666666666667
5 0.621875 0.016666666666666666 0.028125 0.03333333333333333
2 0.2125 0.19791666666666666 0.0859375 0.08541666666666667
2 0.221875 0.14791666666666667 0.071875 0.0625
2 0.534375 0.08541666666666667 0.03125 0.041666666666666664
2 0.45625 0.07708333333333334 0.0375 0.04583333333333333
2 0.3375 0.12083333333333333 0.05 0.05416666666666667
2 0.49375 0.15208333333333332 0.05 0.0625
