5 0.6203125 0.01875 0.03125 0.0375
2 0.4375 0.025 0.0265625 0.0375
2 0.434375 0.04583333333333333 0.03125 0.0375
2 0.2515625 0.03125 0.0390625 0.03333333333333333
5 0.4859375 0.020833333333333332 0.034375 0.0375
5 0.3296875 0.06041666666666667 0.0421875 0.08541666666666667
6 0.3484375 0.052083333333333336 0.075 0.1
2 0.4296875 0.09375 0.046875 0.058333333333333334
2 0.4625 0.03333333333333333 0.0265625 0.03333333333333333
2 0.5421875 0.08125 0.03125 0.04583333333333333
2 0.61875 0.17916666666666667 0.0796875 0.07083333333333333
2 0.85625 0.25416666666666665 0.15 0.1
2 0.78125 0.35208333333333336 0.1640625 0.1
