6 0.13125 0.15625 0.165625 0.19166666666666668
5 0.4234375 0.09791666666666667 0.0421875 0.05416666666666667
2 0.4046875 0.041666666666666664 0.0390625 0.04583333333333333
2 0.39375 0.07916666666666666 0.0421875 0.05
2 0.4265625 0.01875 0.03125 0.03125
5 0.0828125 0.1875 0.0796875 0.14166666666666666
2 0.4546875 0.07708333333333334 0.0390625 0.05
2 0.2515625 0.03125 0.0390625 0.03333333333333333
2 0.5828125 0.0125 0.01875 0.025
2 0.3875 0.3020833333333333 0.090625 0.11666666666666667
2 0.5609375 0.04583333333333333 0.025 0.0375
2 0.428125 0.3958333333333333 0.1015625 0.15416666666666667
2 0.5625 0.13958333333333334 0.0375 0.05416666666666667
5 0.621875 0.014583333333333334 0.0265625 0.03125
2 0.16875 0.22083333333333333 0.103125 0.10833333333333334
2 0.521875 0.022916666666666665 0.025 0.03333333333333333
2 0.3140625 0.09375 0.0546875 0.058333333333333334
