0 0.6703125 0.13958333333333334 0.015625 0.05416666666666667
0 0.834375 0.17291666666666666 0.025 0.058333333333333334
2 0.2515625 0.03125 0.0390625 0.03333333333333333
2 0.4328125 0.08125 0.05 0.07916666666666666
2 0.5703125 0.16458333333333333 0.0625 0.06666666666666667
2 0.721875 0.23125 0.1171875 0.07708333333333334
2 0.9546875 0.2833333333333333 0.0875 0.07708333333333334
2 0.546875 0.07708333333333334 0.03125 0.041666666666666664
2 0.34375 0.08333333333333333 0.046875 0.058333333333333334
2 0.3671875 0.09791666666666667 0.046875 0.05
