0 0.6015625 0.13125 0.015625 0.05416666666666667
0 0.5046875 0.1375 0.0125 0.04583333333333333
0 0.265625 0.11041666666666666 0.015625 0.04583333333333333
2 0.38125 0.09166666666666666 0.0390625 0.04583333333333333
6 0.3390625 0.05625 0.0953125 0.11041666666666666
2 0.2515625 0.027083333333333334 0.0390625 0.03125
2 0.4796875 0.025 0.0265625 0.03333333333333333
2 0.4984375 0.0125 0.0234375 0.027083333333333334
2 0.478125 0.22916666666666666 0.1171875 0.07916666666666666
2 0.9140625 0.3229166666666667 0.165625 0.09375
2 0.7359375 0.23958333333333334 0.1234375 0.075
2 0.1421875 0.18333333333333332 0.090625 0.06666666666666667
