5 0.425 0.09375 0.0421875 0.058333333333333334
2 0.321875 0.6625 0.2125 0.37916666666666665
2 0.4453125 0.05 0.028125 0.0375
2 0.2515625 0.03125 0.0390625 0.0375
2 0.5984375 0.0625 0.0265625 0.0375
2 0.5375 0.08333333333333333 0.0375 0.05
2 0.446875 0.22291666666666668 0.0609375 0.07916666666666666
2 0.5828125 0.01875 0.01875 0.029166666666666667
2 0.5703125 0.13541666666666666 0.0421875 0.058333333333333334
2 0.4953125 0.13541666666666666 0.0453125 0.05416666666666667
2 0.321875 0.11875 0.0703125 0.07916666666666666
