2 0.45625 0.11666666666666667 0.0375 0.0375
2 0.4203125 0.09791666666666667 0.0421875 0.058333333333333334
2 0.471875 0.027083333333333334 0.03125 0.041666666666666664
2 0.515625 0.025 0.0265625 0.03333333333333333
2 0.4328125 0.041666666666666664 0.046875 0.06875
2 0.4953125 0.04583333333333333 0.034375 0.0375
2 0.3234375 0.3875 0.115625 0.15625
2 0.284375 0.7625 0.2125 0.33958333333333335
2 0.4625 0.06875 0.0375 0.041666666666666664
2 0.3125 0.11666666666666667 0.0921875 0.11666666666666667
2 0.4921875 0.15416666666666667 0.053125 0.07708333333333334
2 0.5078125 0.2833333333333333 0.06875 0.09375
