0 0.740625 0.17291666666666666 0.0234375 0.058333333333333334
6 0.4578125 0.041666666666666664 0.025 0.03333333333333333
2 0.9703125 0.3416666666666667 0.0546875 0.07916666666666666
2 0.38125 0.09166666666666666 0.0390625 0.04583333333333333
2 0.48125 0.027083333333333334 0.028125 0.03333333333333333
2 0.5 0.0125 0.025 0.027083333333333334
6 0.34375 0.05625 0.1 0.11458333333333333
2 0.2515625 0.03125 0.0390625 0.03333333333333333
2 0.5609375 0.18125 0.0859375 0.06875
2 0.4734375 0.23125 0.1171875 0.07708333333333334
2 0.159375 0.16875 0.0875 0.06875
