5 0.315625 0.07708333333333334 0.046875 0.08333333333333333
0 0.609375 0.13125 0.015625 0.05416666666666667
2 0.38125 0.09166666666666666 0.0390625 0.04583333333333333
2 0.2515625 0.03125 0.0390625 0.03333333333333333
6 0.3390625 0.05625 0.0921875 0.11041666666666666
2 0.4796875 0.025 0.0265625 0.03333333333333333
2 0.4984375 0.0125 0.0234375 0.027083333333333334
2 0.4375 0.22291666666666668 0.1140625 0.07916666666666666
2 0.8578125 0.3125 0.1609375 0.0875
2 0.1125 0.17916666666666667 0.0875 0.058333333333333334
2 0.715625 0.23333333333333334 0.11875 0.07708333333333334
