0 0.5 0.13333333333333333 0.015625 0.05
6 0.3484375 0.052083333333333336 0.0765625 0.1
2 0.509375 0.0125 0.01875 0.020833333333333332
5 0.3296875 0.0625 0.0421875 0.0875
5 0.378125 0.08125 0.053125 0.06875
2 0.2515625 0.03125 0.0390625 0.03333333333333333
2 0.434375 0.05 0.03125 0.041666666666666664
2 0.4109375 0.06875 0.034375 0.05
2 0.4546875 0.07083333333333333 0.0390625 0.05
2 0.2734375 0.19583333333333333 0.0921875 0.06875
2 0.4625 0.03333333333333333 0.0265625 0.029166666666666667
2 0.7875 0.28958333333333336 0.1265625 0.08541666666666667
2 0.6859375 0.22708333333333333 0.115625 0.08333333333333333
2 0.528125 0.23958333333333334 0.1421875 0.10625
2 0.05625 0.15833333333333333 0.0859375 0.058333333333333334
2 0.4046875 0.5541666666666667 0.2078125 0.20208333333333334
2 0.9265625 0.28125 0.1421875 0.08333333333333333
