5 0.5171875 0.022916666666666665 0.03125 0.04583333333333333
0 0.2015625 0.11041666666666666 0.0171875 0.058333333333333334
6 0.0796875 0.23958333333333334 0.1609375 0.23333333333333334
2 0.2515625 0.03125 0.0390625 0.03333333333333333
2 0.4546875 0.041666666666666664 0.03125 0.0375
5 0.584375 0.03958333333333333 0.034375 0.058333333333333334
2 0.490625 0.04583333333333333 0.028125 0.0375
2 0.5859375 0.10625 0.034375 0.05
2 0.5390625 0.20416666666666666 0.05 0.07083333333333333
2 0.1921875 0.60625 0.21875 0.29791666666666666
2 0.46875 0.06875 0.0375 0.04583333333333333
2 0.4390625 0.09166666666666666 0.0390625 0.05
2 0.290625 0.13125 0.071875 0.0875
