2 0.4125 0.06875 0.0421875 0.05
2 0.2515625 0.03125 0.0390625 0.03333333333333333
2 0.4609375 0.03958333333333333 0.03125 0.03333333333333333
2 0.5609375 0.1 0.034375 0.05
5 0.309375 0.08333333333333333 0.046875 0.07708333333333334
2 0.0265625 0.15208333333333332 0.053125 0.0625
2 0.65625 0.19375 0.0859375 0.06875
2 0.40625 0.225 0.11875 0.08541666666666667
2 0.953125 0.28125 0.090625 0.08333333333333333
2 0.759375 0.29375 0.1640625 0.08333333333333333
2 0.35625 0.10833333333333334 0.053125 0.05
