2 0.1359375 0.9395833333333333 0.2109375 0.11666666666666667
2 0.459375 0.0375 0.0265625 0.03333333333333333
2 0.4515625 0.020833333333333332 0.0265625 0.03333333333333333
2 0.421875 0.0375 0.034375 0.04583333333333333
2 0.4875 0.020833333333333332 0.025 0.029166666666666667
2 0.4375 0.08333333333333333 0.0421875 0.05416666666666667
2 0.5046875 0.0125 0.0234375 0.025
2 0.409375 0.07291666666666667 0.0453125 0.04583333333333333
2 0.615625 0.022916666666666665 0.0203125 0.03333333333333333
2 0.4734375 0.05416666666666667 0.0375 0.05416666666666667
2 0.36875 0.06875 0.0390625 0.041666666666666664
2 0.2828125 0.11458333333333333 0.053125 0.058333333333333334
2 0.1640625 0.17291666666666666 0.0796875 0.07708333333333334
2 0.3375 0.11875 0.0578125 0.058333333333333334
