2 0.421875 0.06041666666666667 0.03125 0.03333333333333333
2 0.346875 0.08333333333333333 0.0421875 0.04583333333333333
2 0.4234375 0.09791666666666667 0.046875 0.0625
2 0.459375 0.0375 0.0265625 0.029166666666666667
2 0.45625 0.075 0.0375 0.04583333333333333
2 0.484375 0.016666666666666666 0.025 0.03125
2 0.5078125 0.03333333333333333 0.0265625 0.03333333333333333
2 0.4875 0.05 0.03125 0.0375
2 0.5296875 0.016666666666666666 0.03125 0.03333333333333333
2 0.28125 0.11875 0.05 0.058333333333333334
2 0.321875 0.125 0.0625 0.06875
