0 0.184375 0.11041666666666666 0.0171875 0.05
0 0.8265625 0.25416666666666665 0.0203125 0.07708333333333334
2 0.253125 0.03125 0.0375 0.03333333333333333
2 0.4375 0.08333333333333333 0.0453125 0.05416666666666667
2 0.584375 0.0125 0.0203125 0.027083333333333334
2 0.3984375 0.03333333333333333 0.0421875 0.04583333333333333
2 0.1015625 0.35 0.09375 0.1375
2 0.5640625 0.04375 0.0265625 0.03333333333333333
2 0.54375 0.16458333333333333 0.0453125 0.0625
2 0.471875 0.05416666666666667 0.0390625 0.05416666666666667
2 0.38125 0.08125 0.0390625 0.05416666666666667
2 0.534375 0.0875 0.034375 0.05
2 0.021875 0.14791666666666667 0.0453125 0.06875
2 0.334375 0.08333333333333333 0.05 0.0625
