6 0.0265625 0.225 0.0546875 0.2375
2 0.453125 0.020833333333333332 0.025 0.029166666666666667
0 0.1734375 0.12083333333333333 0.015625 0.05
2 0.50625 0.010416666666666666 0.0234375 0.020833333333333332
2 0.4140625 0.05416666666666667 0.053125 0.075
2 0.484375 0.008333333333333333 0.0234375 0.01875
2 0.55 0.00625 0.0234375 0.014583333333333334
2 0.2515625 0.029166666666666667 0.0390625 0.03333333333333333
2 0.4671875 0.03125 0.028125 0.0375
2 0.49375 0.04375 0.034375 0.04583333333333333
2 0.4625 0.07083333333333333 0.034375 0.04583333333333333
2 0.5640625 0.05 0.0265625 0.03333333333333333
2 0.4875 0.17291666666666666 0.0546875 0.07083333333333333
2 0.4296875 0.09375 0.046875 0.058333333333333334
2 0.296875 0.10208333333333333 0.0546875 0.06666666666666667
2 0.21875 0.15 0.06875 0.06666666666666667
2 0.240625 0.49166666666666664 0.1796875 0.23541666666666666
2 0.3109375 0.13958333333333334 0.0546875 0.058333333333333334
