5 0.425 0.09375 0.0453125 0.058333333333333334
2 0.2515625 0.03125 0.0390625 0.03333333333333333
2 0.025 0.34791666666666665 0.05 0.11666666666666667
2 0.565625 0.04375 0.025 0.03333333333333333
2 0.540625 0.20833333333333334 0.0578125 0.07916666666666666
2 0.5859375 0.09791666666666667 0.03125 0.04583333333333333
2 0.3359375 0.37083333333333335 0.1078125 0.13958333333333334
2 0.46875 0.03333333333333333 0.0265625 0.03333333333333333
2 0.4515625 0.19583333333333333 0.0609375 0.07708333333333334
2 0.13125 0.19791666666666666 0.1015625 0.1
2 0.5109375 0.12083333333333333 0.046875 0.0625
2 0.378125 0.08541666666666667 0.05 0.0625
