2 0.45 0.075 0.0375 0.05
5 0.5890625 0.0125 0.028125 0.025
5 0.421875 0.09583333333333334 0.05 0.0625
2 0.6234375 0.022916666666666665 0.01875 0.029166666666666667
2 0.2515625 0.03125 0.0390625 0.03333333333333333
2 0.5296875 0.020833333333333332 0.03125 0.03333333333333333
2 0.559375 0.05 0.0265625 0.03333333333333333
2 0.34375 0.34791666666666665 0.1140625 0.14375
2 0.5765625 0.11875 0.0390625 0.05416666666666667
2 0.4796875 0.05416666666666667 0.034375 0.041666666666666664
2 0.5203125 0.10416666666666667 0.0421875 0.06875
