2 0.509375 0.0125 0.01875 0.020833333333333332
6 0.3484375 0.05 0.0765625 0.1
2 0.378125 0.08125 0.05 0.06875
2 0.446875 0.020833333333333332 0.0265625 0.0375
2 0.2515625 0.03125 0.0390625 0.03333333333333333
5 0.33125 0.0625 0.0453125 0.0875
2 0.434375 0.04583333333333333 0.03125 0.0375
2 0.4625 0.035416666666666666 0.0265625 0.03333333333333333
2 0.4421875 0.22291666666666668 0.0984375 0.075
2 0.23125 0.18541666666666667 0.11875 0.08541666666666667
2 0.43125 0.09166666666666666 0.046875 0.058333333333333334
2 0.834375 0.25833333333333336 0.1328125 0.07708333333333334
2 0.63125 0.20416666666666666 0.1015625 0.07708333333333334
2 0.040625 0.15625 0.0765625 0.058333333333333334
