2 0.509375 0.010416666666666666 0.0265625 0.020833333333333332
0 0.9359375 0.20208333333333334 0.0203125 0.0625
2 0.425 0.029166666666666667 0.034375 0.041666666666666664
6 0.565625 0.07916666666666666 0.084375 0.125
5 0.459375 0.029166666666666667 0.046875 0.058333333333333334
2 0.2515625 0.03125 0.0390625 0.0375
2 0.4921875 0.016666666666666666 0.03125 0.03333333333333333
6 0.68125 0.16666666666666666 0.2203125 0.25833333333333336
6 0.534375 0.2520833333333333 0.478125 0.2708333333333333
2 0.3609375 0.06875 0.0390625 0.04583333333333333
5 0.26875 0.24375 0.09375 0.22916666666666666
2 0.378125 0.0875 0.0453125 0.05416666666666667
2 0.3140625 0.09583333333333334 0.053125 0.05416666666666667
