2 0.45625 0.11666666666666667 0.0375 0.041666666666666664
2 0.4203125 0.09583333333333334 0.0421875 0.0625
2 0.5140625 0.022916666666666665 0.0265625 0.03125
2 0.46875 0.029166666666666667 0.03125 0.041666666666666664
2 0.49375 0.04583333333333333 0.03125 0.0375
2 0.365625 0.32916666666666666 0.0953125 0.13333333333333333
2 0.4625 0.06875 0.0375 0.041666666666666664
2 0.2984375 0.12291666666666666 0.0953125 0.12291666666666666
2 0.3546875 0.61875 0.165625 0.27708333333333335
2 0.50625 0.13541666666666666 0.046875 0.06666666666666667
2 0.5203125 0.25 0.0609375 0.08541666666666667
