2 0.5765625 0.022916666666666665 0.0234375 0.029166666666666667
6 0.0390625 0.20625 0.078125 0.2520833333333333
2 0.5015625 0.010416666666666666 0.0203125 0.020833333333333332
0 0.9359375 0.20208333333333334 0.0203125 0.06875
2 0.41875 0.05416666666666667 0.046875 0.058333333333333334
5 0.5625 0.08958333333333333 0.053125 0.13541666666666666
2 0.5171875 0.022916666666666665 0.03125 0.04583333333333333
5 0.325 0.09791666666666667 0.0875 0.13333333333333333
6 0.121875 0.15625 0.16875 0.1875
2 0.2515625 0.03125 0.0390625 0.03333333333333333
2 0.4890625 0.04583333333333333 0.03125 0.0375
2 0.4390625 0.09166666666666666 0.0390625 0.05
2 0.46875 0.06875 0.0375 0.04583333333333333
2 0.3890625 0.51875 0.1265625 0.2
2 0.5265625 0.2375 0.0625 0.09375
