2 0.4375 0.08333333333333333 0.0453125 0.05416666666666667
2 0.10625 0.21458333333333332 0.1 0.08541666666666667
2 0.2515625 0.03125 0.0390625 0.03333333333333333
2 0.44375 0.04583333333333333 0.0265625 0.03333333333333333
2 0.40625 0.04791666666666667 0.034375 0.03333333333333333
2 0.2203125 0.5479166666666667 0.16875 0.22291666666666668
2 0.4578125 0.2 0.0609375 0.07708333333333334
2 0.378125 0.0875 0.0421875 0.05416666666666667
2 0.503125 0.0125 0.0265625 0.025
2 0.4703125 0.05416666666666667 0.0390625 0.05416666666666667
2 0.3515625 0.6541666666666667 0.18125 0.3125
2 0.2828125 0.10833333333333334 0.0640625 0.075
2 0.578125 0.10625 0.03125 0.04583333333333333
