6 0.559375 0.0375 0.0390625 0.075
2 0.5875 0.008333333333333333 0.0203125 0.01875
2 0.3984375 0.07708333333333334 0.0421875 0.05
2 0.409375 0.041666666666666664 0.034375 0.0375
5 0.2890625 0.07708333333333334 0.053125 0.10625
2 0.346875 0.36875 0.1109375 0.15208333333333332
2 0.5015625 0.12916666666666668 0.0421875 0.05416666666666667
2 0.253125 0.16666666666666666 0.078125 0.08541666666666667
6 0.31875 0.06666666666666667 0.1078125 0.125
2 0.4609375 0.06666666666666667 0.0390625 0.04583333333333333
