2 0.2515625 0.03333333333333333 0.0390625 0.0375
5 0.2921875 0.07708333333333334 0.046875 0.08541666666666667
2 0.509375 0.010416666666666666 0.0203125 0.020833333333333332
2 0.4640625 0.0125 0.025 0.027083333333333334
2 0.5890625 0.008333333333333333 0.01875 0.016666666666666666
2 0.4609375 0.03958333333333333 0.03125 0.0375
2 0.49375 0.01875 0.0265625 0.029166666666666667
2 0.4 0.07916666666666666 0.046875 0.05
2 0.465625 0.0625 0.0390625 0.04583333333333333
2 0.428125 0.03333333333333333 0.034375 0.041666666666666664
5 0.296875 0.13541666666666666 0.075 0.08541666666666667
2 0.48125 0.33125 0.084375 0.13958333333333334
2 0.571875 0.03125 0.0234375 0.03125
6 0.321875 0.0625 0.09375 0.11458333333333333
2 0.1765625 0.21041666666666667 0.10625 0.11458333333333333
2 0.0515625 0.24166666666666667 0.103125 0.12708333333333333
2 0.43125 0.0875 0.0421875 0.05416666666666667
4 0.5234375 0.11875 0.121875 0.15833333333333333
