6 0.5296875 0.075 0.078125 0.13541666666666666
5 0.58125 0.014583333333333334 0.025 0.029166666666666667
2 0.090625 0.7854166666666667 0.18125 0.35625
2 0.30625 0.09375 0.046875 0.058333333333333334
2 0.4640625 0.0625 0.0390625 0.04583333333333333
2 0.571875 0.12083333333333333 0.05 0.09375
2 0.1765625 0.16875 0.0828125 0.06875
2 0.43125 0.24583333333333332 0.0703125 0.0875
5 0.3625 0.08333333333333333 0.078125 0.09791666666666667
2 0.1515625 0.23541666666666666 0.1109375 0.1
2 0.43125 0.0875 0.0453125 0.05
