2 0.2515625 0.03125 0.0390625 0.0375
6 0.3921875 0.041666666666666664 0.103125 0.08541666666666667
2 0.4234375 0.09791666666666667 0.046875 0.058333333333333334
2 0.09375 0.21875 0.1015625 0.0875
2 0.45625 0.075 0.0375 0.04583333333333333
5 0.3609375 0.04583333333333333 0.0578125 0.09166666666666666
2 0.359375 0.3416666666666667 0.0921875 0.125
2 0.5 0.014583333333333334 0.025 0.029166666666666667
2 0.53125 0.016666666666666666 0.03125 0.03333333333333333
2 0.509375 0.03333333333333333 0.0265625 0.03333333333333333
2 0.1890625 0.5770833333333333 0.1796875 0.24583333333333332
2 0.5171875 0.25416666666666665 0.0609375 0.08541666666666667
2 0.46875 0.03125 0.03125 0.03333333333333333
2 0.4875 0.05 0.03125 0.0375
2 0.2203125 0.15416666666666667 0.075 0.06875
2 0.3359375 0.11875 0.0578125 0.058333333333333334
