5 0.40625 0.0625 0.046875 0.0625
0 0.2 0.11041666666666666 0.0171875 0.058333333333333334
2 0.5828125 0.016666666666666666 0.0203125 0.03125
5 0.2984375 0.10833333333333334 0.0953125 0.13958333333333334
2 0.51875 0.022916666666666665 0.03125 0.04583333333333333
0 0.9484375 0.20416666666666666 0.025 0.07083333333333333
2 0.8765625 0.9166666666666666 0.2390625 0.16666666666666666
2 0.4953125 0.0125 0.0203125 0.025
5 0.56875 0.07708333333333334 0.05 0.11875
2 0.2515625 0.03125 0.0390625 0.03333333333333333
2 0.4265625 0.4354166666666667 0.109375 0.16875
2 0.4390625 0.09166666666666666 0.0390625 0.05
2 0.490625 0.04583333333333333 0.028125 0.041666666666666664
2 0.46875 0.06666666666666667 0.0375 0.04583333333333333
2 0.5375 0.2125 0.0546875 0.07916666666666666
6 0.084375 0.18125 0.165625 0.2125
