5 0.4234375 0.09791666666666667 0.0390625 0.05416666666666667
2 0.3875 0.035416666666666666 0.0265625 0.03125
2 0.571875 0.022916666666666665 0.0203125 0.03333333333333333
2 0.2515625 0.03125 0.0390625 0.03333333333333333
6 0.0546875 0.23125 0.1109375 0.29375
2 0.45625 0.07708333333333334 0.0375 0.04583333333333333
2 0.4703125 0.18125 0.0546875 0.06875
2 0.5109375 0.029166666666666667 0.0265625 0.03333333333333333
5 0.6203125 0.014583333333333334 0.0265625 0.03125
2 0.578125 0.10625 0.03125 0.04583333333333333
2 0.4953125 0.25 0.0625 0.09166666666666666
2 0.371875 0.0625 0.046875 0.058333333333333334
2 0.3296875 0.12291666666666666 0.0625 0.058333333333333334
2 0.2484375 0.12708333333333333 0.0703125 0.07083333333333333
