0 0.721875 0.14166666666666666 0.015625 0.058333333333333334
2 0.4390625 0.08333333333333333 0.0421875 0.05416666666666667
2 0.56875 0.03333333333333333 0.025 0.0375
2 0.465625 0.014583333333333334 0.028125 0.03125
2 0.328125 0.375 0.1328125 0.16041666666666668
2 0.459375 0.20416666666666666 0.0640625 0.08333333333333333
2 0.446875 0.041666666666666664 0.0375 0.04583333333333333
2 0.090625 0.32916666666666666 0.0765625 0.11041666666666666
2 0.4734375 0.05416666666666667 0.0375 0.05416666666666667
2 0.5265625 0.10416666666666667 0.034375 0.05
