2 0.4125 0.06875 0.0421875 0.05
2 0.4515625 0.04583333333333333 0.03125 0.0375
2 0.2515625 0.03125 0.0390625 0.03333333333333333
2 0.8515625 0.3145833333333333 0.1421875 0.09791666666666667
5 0.309375 0.08333333333333333 0.046875 0.07708333333333334
2 0.190625 0.1875 0.0953125 0.075
2 0.5609375 0.0625 0.0265625 0.0375
2 0.796875 0.24375 0.121875 0.06875
2 0.5953125 0.13333333333333333 0.0390625 0.05416666666666667
2 0.5203125 0.24375 0.1375 0.07708333333333334
2 0.35625 0.10833333333333334 0.053125 0.05
