5 0.1296875 0.15625 0.15 0.18541666666666667
2 0.5015625 0.010416666666666666 0.01875 0.022916666666666665
2 0.51875 0.022916666666666665 0.03125 0.04583333333333333
2 0.384375 0.06041666666666667 0.034375 0.0375
2 0.8203125 0.8854166666666666 0.359375 0.22083333333333333
0 0.84375 0.28541666666666665 0.025 0.0875
2 0.2515625 0.03125 0.0390625 0.0375
2 0.45625 0.0375 0.03125 0.0375
2 0.490625 0.04583333333333333 0.028125 0.0375
2 0.46875 0.06875 0.0375 0.04583333333333333
2 0.428125 0.4375 0.1265625 0.21875
2 0.0390625 0.3375 0.078125 0.1375
2 0.378125 0.0875 0.0421875 0.05416666666666667
2 0.45625 0.18541666666666667 0.0765625 0.13333333333333333
2 0.5796875 0.022916666666666665 0.01875 0.029166666666666667
2 0.5546875 0.05416666666666667 0.0265625 0.0375
2 0.4390625 0.09375 0.0390625 0.05
2 0.2484375 0.48125 0.1578125 0.21458333333333332
2 0.553125 0.16875 0.0421875 0.0625
