5 0.4203125 0.09791666666666667 0.046875 0.0625
2 0.3609375 0.35625 0.1171875 0.15833333333333333
2 0.2515625 0.03125 0.0390625 0.0375
2 0.45 0.075 0.034375 0.05
5 0.3765625 0.05416666666666667 0.053125 0.0625
2 0.5859375 0.0125 0.01875 0.027083333333333334
2 0.478125 0.029166666666666667 0.03125 0.03333333333333333
2 0.4875 0.17083333333333334 0.053125 0.06875
2 0.1109375 0.20208333333333334 0.0859375 0.07916666666666666
2 0.55625 0.05 0.0265625 0.03333333333333333
2 0.5328125 0.09166666666666666 0.034375 0.04583333333333333
2 0.30625 0.1375 0.0625 0.0625
