2 0.5390625 0.0125 0.025 0.027083333333333334
2 0.509375 0.010416666666666666 0.01875 0.020833333333333332
2 0.4375 0.022916666666666665 0.0265625 0.03333333333333333
2 0.378125 0.08125 0.053125 0.06875
2 0.2515625 0.03125 0.0390625 0.03333333333333333
2 0.434375 0.04791666666666667 0.03125 0.0375
5 0.3296875 0.06041666666666667 0.0421875 0.08541666666666667
6 0.35 0.05 0.071875 0.1
2 0.4625 0.035416666666666666 0.0265625 0.03333333333333333
2 0.6171875 0.020833333333333332 0.0234375 0.029166666666666667
2 0.5765625 0.03333333333333333 0.0203125 0.03333333333333333
2 0.503125 0.03958333333333333 0.03125 0.03333333333333333
2 0.4296875 0.09375 0.046875 0.058333333333333334
