5 0.6015625 0.0375 0.0375 0.07708333333333334
2 0.509375 0.0125 0.01875 0.020833333333333332
5 0.4859375 0.020833333333333332 0.034375 0.0375
2 0.2515625 0.03125 0.0390625 0.03333333333333333
2 0.434375 0.04791666666666667 0.03125 0.0375
2 0.4390625 0.022916666666666665 0.0265625 0.0375
6 0.3484375 0.05 0.0765625 0.1
5 0.3296875 0.06041666666666667 0.0421875 0.08541666666666667
2 0.378125 0.08125 0.05 0.06875
2 0.4625 0.03333333333333333 0.0265625 0.03333333333333333
2 0.4296875 0.09375 0.046875 0.058333333333333334
2 0.3375 0.2 0.090625 0.06875
2 0.6015625 0.19375 0.09375 0.07708333333333334
2 0.8046875 0.2520833333333333 0.1296875 0.07708333333333334
2 0.134375 0.16875 0.1140625 0.07708333333333334
