2 0.465625 0.03333333333333333 0.03125 0.03333333333333333
2 0.446875 0.04583333333333333 0.0375 0.05
5 0.43125 0.08541666666666667 0.06875 0.08541666666666667
2 0.2515625 0.029166666666666667 0.0390625 0.03333333333333333
2 0.36875 0.0625 0.0421875 0.05
2 0.378125 0.09375 0.0390625 0.05
2 0.5625 0.058333333333333334 0.028125 0.041666666666666664
2 0.3296875 0.09166666666666666 0.0421875 0.04583333333333333
2 0.490625 0.016666666666666666 0.03125 0.03333333333333333
4 0.2078125 0.2 0.3625 0.18333333333333332
