2 0.3921875 0.04791666666666667 0.0265625 0.03125
2 0.425 0.029166666666666667 0.034375 0.0375
2 0.834375 0.25625 0.121875 0.06875
5 0.459375 0.029166666666666667 0.046875 0.058333333333333334
2 0.2515625 0.03125 0.0390625 0.03333333333333333
2 0.4921875 0.016666666666666666 0.028125 0.03333333333333333
2 0.6703125 0.2 0.0953125 0.06875
2 0.3609375 0.06875 0.0390625 0.04583333333333333
2 0.7453125 0.2833333333333333 0.1375 0.09791666666666667
2 0.0921875 0.16875 0.0796875 0.0625
2 0.3140625 0.09583333333333334 0.053125 0.05416666666666667
2 0.378125 0.0875 0.0453125 0.05416666666666667
