2 0.425 0.058333333333333334 0.0375 0.04583333333333333
2 0.465625 0.03333333333333333 0.028125 0.03333333333333333
2 0.590625 0.010416666666666666 0.01875 0.022916666666666665
2 0.4546875 0.016666666666666666 0.0203125 0.03125
2 0.4390625 0.08333333333333333 0.0421875 0.05416666666666667
2 0.2265625 0.14375 0.0671875 0.0625
2 0.43125 0.03125 0.034375 0.041666666666666664
2 0.4875 0.016666666666666666 0.025 0.03125
2 0.3875 0.05625 0.03125 0.0375
2 0.5046875 0.0125 0.0234375 0.025
2 0.609375 0.041666666666666664 0.025 0.0375
2 0.4703125 0.05416666666666667 0.0390625 0.05416666666666667
2 0.3765625 0.09375 0.046875 0.05416666666666667
2 0.3234375 0.09166666666666666 0.046875 0.05
