2 0.4578125 0.01875 0.0234375 0.029166666666666667
2 0.4375 0.022916666666666665 0.0265625 0.03333333333333333
2 0.2515625 0.03125 0.0390625 0.03333333333333333
6 0.3484375 0.05 0.0765625 0.1
5 0.3296875 0.06041666666666667 0.0421875 0.08541666666666667
2 0.4375 0.04791666666666667 0.03125 0.0375
2 0.378125 0.08125 0.05 0.06875
2 0.4640625 0.03333333333333333 0.028125 0.03333333333333333
2 0.428125 0.09375 0.0453125 0.058333333333333334
2 0.53125 0.016666666666666666 0.028125 0.03333333333333333
2 0.4859375 0.052083333333333336 0.03125 0.0375
