0 0.1140625 0.07708333333333334 0.0171875 0.041666666666666664
2 0.409375 0.07083333333333333 0.0453125 0.04583333333333333
2 0.4625 0.19583333333333333 0.0578125 0.07083333333333333
2 0.5359375 0.09166666666666666 0.03125 0.05
2 0.575 0.025 0.0234375 0.029166666666666667
4 0.3390625 0.04375 0.125 0.0875
2 0.43125 0.0875 0.0421875 0.05416666666666667
2 0.2609375 0.49166666666666664 0.1578125 0.20416666666666666
2 0.5 0.014583333333333334 0.025 0.029166666666666667
2 0.465625 0.0625 0.0390625 0.05
