0 0.690625 0.13125 0.015625 0.05416666666666667
0 0.5875 0.14166666666666666 0.0125 0.04583333333333333
0 0.7875 0.17708333333333334 0.01875 0.058333333333333334
5 0.453125 0.06875 0.0390625 0.05416666666666667
2 0.38125 0.09375 0.0390625 0.04583333333333333
6 0.340625 0.05625 0.09375 0.11458333333333333
2 0.5 0.0125 0.025 0.027083333333333334
2 0.2515625 0.027083333333333334 0.0390625 0.03125
2 0.75625 0.29583333333333334 0.15 0.0875
2 0.0265625 0.14166666666666666 0.0546875 0.0625
2 0.2703125 0.19583333333333333 0.1015625 0.0625
2 0.5140625 0.1375 0.0390625 0.058333333333333334
