5 0.5515625 0.11041666666666666 0.0859375 0.12916666666666668
2 0.3703125 0.06041666666666667 0.0390625 0.041666666666666664
5 0.415625 0.10208333333333333 0.046875 0.0625
2 0.453125 0.07708333333333334 0.034375 0.04583333333333333
2 0.440625 0.041666666666666664 0.0375 0.041666666666666664
2 0.3765625 0.08541666666666667 0.05 0.06875
2 0.459375 0.016666666666666666 0.0265625 0.027083333333333334
2 0.5078125 0.010416666666666666 0.025 0.020833333333333332
6 0.671875 0.15416666666666667 0.3046875 0.2375
2 0.325 0.09166666666666666 0.05 0.05
