6 0.35625 0.05 0.0859375 0.1
2 0.1515625 0.23958333333333334 0.1015625 0.1
5 0.334375 0.058333333333333334 0.0421875 0.0875
0 0.84375 0.33958333333333335 0.0234375 0.08541666666666667
0 0.81875 0.33958333333333335 0.01875 0.08333333333333333
2 0.459375 0.010416666666666666 0.0265625 0.022916666666666665
2 0.2515625 0.03125 0.0390625 0.03333333333333333
2 0.35 0.3645833333333333 0.1171875 0.15
2 0.4328125 0.05625 0.034375 0.041666666666666664
6 0.1109375 0.175 0.21875 0.2875
2 0.40625 0.5291666666666667 0.1375 0.2375
2 0.503125 0.0125 0.025 0.025
2 0.4953125 0.16666666666666666 0.05 0.06875
2 0.471875 0.027083333333333334 0.0265625 0.03125
2 0.553125 0.07083333333333333 0.0265625 0.0375
