2 0.3921875 0.04791666666666667 0.0265625 0.03125
2 0.509375 0.010416666666666666 0.0265625 0.020833333333333332
2 0.425 0.029166666666666667 0.034375 0.0375
5 0.459375 0.029166666666666667 0.046875 0.058333333333333334
2 0.2515625 0.03125 0.0390625 0.03333333333333333
2 0.4921875 0.016666666666666666 0.028125 0.03333333333333333
2 0.3609375 0.06875 0.0390625 0.04583333333333333
2 0.6828125 0.21458333333333332 0.10625 0.06875
2 0.590625 0.11666666666666667 0.03125 0.05
2 0.9015625 0.44166666666666665 0.196875 0.16041666666666668
5 0.9421875 0.22916666666666666 0.1109375 0.20833333333333334
2 0.040625 0.15833333333333333 0.0828125 0.075
2 0.3140625 0.09583333333333334 0.053125 0.05416666666666667
2 0.378125 0.0875 0.0453125 0.05416666666666667
