0 0.875 0.375 0.03125 0.09375
0 0.703125 0.125 0.0125 0.05416666666666667
2 0.040625 0.55625 0.0828125 0.23958333333333334
2 0.4390625 0.08541666666666667 0.0421875 0.05416666666666667
2 0.5734375 0.020833333333333332 0.0234375 0.0375
2 0.4484375 0.020833333333333332 0.03125 0.0375
2 0.1 0.25625 0.05 0.08333333333333333
2 0.43125 0.05 0.0390625 0.04583333333333333
2 0.4015625 0.2791666666666667 0.0921875 0.11041666666666666
2 0.5421875 0.08125 0.03125 0.041666666666666664
2 0.471875 0.05416666666666667 0.0390625 0.05416666666666667
2 0.4875 0.1625 0.053125 0.06875
