2 0.453125 0.03333333333333333 0.0265625 0.0375
1 0.203125 0.11458333333333333 0.0265625 0.05416666666666667
2 0.4234375 0.09791666666666667 0.0390625 0.05416666666666667
2 0.45625 0.075 0.0375 0.04583333333333333
2 0.46875 0.0125 0.028125 0.025
5 0.328125 0.06666666666666667 0.0421875 0.08541666666666667
2 0.5578125 0.04791666666666667 0.025 0.0375
2 0.2515625 0.03125 0.0390625 0.03333333333333333
2 0.4265625 0.029166666666666667 0.03125 0.0375
2 0.496875 0.014583333333333334 0.0265625 0.029166666666666667
2 0.321875 0.12916666666666668 0.0625 0.0625
2 0.5171875 0.10833333333333334 0.0390625 0.05416666666666667
2 0.45625 0.20416666666666666 0.0546875 0.07916666666666666
2 0.575 0.020833333333333332 0.0203125 0.029166666666666667
6 0.3515625 0.052083333333333336 0.078125 0.10625
5 0.6203125 0.016666666666666666 0.0265625 0.03333333333333333
2 0.2859375 0.7375 0.184375 0.3
