0 0.5265625 0.1375 0.009375 0.05
0 0.45 0.12708333333333333 0.0125 0.05416666666666667
0 0.5 0.12291666666666666 0.015625 0.05416666666666667
2 0.2515625 0.03125 0.0390625 0.03333333333333333
2 0.36875 0.06458333333333334 0.0390625 0.0375
2 0.9609375 0.3416666666666667 0.078125 0.07708333333333334
2 0.5234375 0.19791666666666666 0.0921875 0.07083333333333333
6 0.803125 0.2 0.228125 0.19791666666666666
2 0.6203125 0.2604166666666667 0.10625 0.07708333333333334
2 0.3640625 0.09791666666666667 0.046875 0.05416666666666667
2 0.3140625 0.09166666666666666 0.0609375 0.06875
2 0.253125 0.19791666666666666 0.109375 0.0625
