0 0.09375 0.07916666666666666 0.0125 0.04583333333333333
2 0.5578125 0.03958333333333333 0.03125 0.0625
2 0.5171875 0.022916666666666665 0.03125 0.04583333333333333
0 0.834375 0.23125 0.01875 0.07083333333333333
2 0.2515625 0.03125 0.0390625 0.03333333333333333
2 0.440625 0.05 0.034375 0.041666666666666664
2 0.5953125 0.029166666666666667 0.0203125 0.03125
2 0.4890625 0.04583333333333333 0.03125 0.0375
2 0.334375 0.3729166666666667 0.1140625 0.15625
2 0.46875 0.06875 0.0375 0.04583333333333333
2 0.4390625 0.09375 0.0390625 0.05
2 0.5796875 0.10833333333333334 0.0390625 0.06666666666666667
2 0.05 0.3125 0.1015625 0.13958333333333334
2 0.228125 0.14791666666666667 0.0703125 0.06875
2 0.5140625 0.11041666666666666 0.0421875 0.058333333333333334
5 0.3703125 0.041666666666666664 0.05 0.08333333333333333
2 0.346875 0.10833333333333334 0.053125 0.0625
