0 0.425 0.12083333333333333 0.0125 0.05
0 0.4796875 0.12291666666666666 0.0234375 0.0625
0 0.4484375 0.12708333333333333 0.015625 0.05416666666666667
2 0.36875 0.06458333333333334 0.0390625 0.0375
2 0.2515625 0.03125 0.0390625 0.03333333333333333
2 0.5234375 0.19791666666666666 0.0921875 0.075
6 0.8515625 0.20625 0.253125 0.19166666666666668
4 0.2359375 0.42916666666666664 0.4734375 0.425
2 0.3640625 0.1 0.046875 0.05416666666666667
2 0.1890625 0.19166666666666668 0.1 0.0625
2 0.9109375 0.325 0.1734375 0.1
2 0.3140625 0.09166666666666666 0.0609375 0.06875
