0 0.453125 0.13333333333333333 0.01875 0.058333333333333334
2 0.4125 0.06875 0.0421875 0.05
2 0.9734375 0.3416666666666667 0.05 0.07708333333333334
2 0.4484375 0.04583333333333333 0.03125 0.03333333333333333
2 0.2515625 0.03125 0.0390625 0.03333333333333333
2 0.053125 0.15833333333333333 0.084375 0.06875
2 0.7015625 0.225 0.109375 0.07708333333333334
5 0.309375 0.08333333333333333 0.046875 0.07708333333333334
2 0.5734375 0.0375 0.025 0.03333333333333333
2 0.3515625 0.21041666666666667 0.121875 0.07083333333333333
2 0.625 0.2708333333333333 0.121875 0.08541666666666667
2 0.5921875 0.09375 0.0265625 0.041666666666666664
2 0.3578125 0.10833333333333334 0.05 0.05
