5 0.5765625 0.16458333333333333 0.1 0.11458333333333333
2 0.36875 0.06458333333333334 0.0390625 0.0375
2 0.2515625 0.03125 0.0390625 0.03333333333333333
2 0.5265625 0.10416666666666667 0.0390625 0.04583333333333333
2 0.440625 0.01875 0.034375 0.03333333333333333
2 0.321875 0.21041666666666667 0.1015625 0.07083333333333333
2 0.3140625 0.08958333333333333 0.0609375 0.06875
2 0.93125 0.3333333333333333 0.134375 0.09375
2 0.3640625 0.1 0.046875 0.05416666666666667
6 0.65625 0.17291666666666666 0.2 0.1875
