0 0.075 0.15208333333333332 0.01875 0.0625
2 0.284375 0.15416666666666667 0.0703125 0.0625
2 0.2515625 0.03125 0.0390625 0.03333333333333333
2 0.384375 0.04583333333333333 0.0453125 0.06666666666666667
5 0.43125 0.09166666666666666 0.0625 0.07916666666666666
2 0.5921875 0.014583333333333334 0.0203125 0.029166666666666667
2 0.4375 0.027083333333333334 0.03125 0.03125
2 0.3453125 0.35208333333333336 0.121875 0.16041666666666668
2 0.0625 0.2875 0.1265625 0.17291666666666666
2 0.2359375 0.13958333333333334 0.0765625 0.06875
2 0.50625 0.12708333333333333 0.0421875 0.058333333333333334
