6 0.328125 0.058333333333333334 0.0859375 0.11666666666666667
0 0.896875 0.4583333333333333 0.025 0.10208333333333333
2 0.434375 0.05625 0.034375 0.0375
2 0.3828125 0.0875 0.0421875 0.05416666666666667
2 0.5109375 0.11666666666666667 0.046875 0.075
0 0.8578125 0.44583333333333336 0.0265625 0.09375
2 0.2515625 0.03125 0.0390625 0.03333333333333333
2 0.5 0.0125 0.0234375 0.027083333333333334
5 0.309375 0.06875 0.0578125 0.10833333333333334
5 0.478125 0.022916666666666665 0.03125 0.04583333333333333
2 0.25625 0.49375 0.1453125 0.19583333333333333
2 0.1953125 0.2125 0.0953125 0.09166666666666666
