0 0.196875 0.11875 0.015625 0.05416666666666667
5 0.3234375 0.06875 0.0390625 0.07708333333333334
2 0.4375 0.025 0.028125 0.0375
2 0.5234375 0.020833333333333332 0.03125 0.0375
2 0.2515625 0.03125 0.0390625 0.03333333333333333
2 0.434375 0.04791666666666667 0.03125 0.0375
2 0.3625 0.09166666666666666 0.0578125 0.07083333333333333
2 0.4625 0.03125 0.0265625 0.03125
6 0.34375 0.052083333333333336 0.0765625 0.10208333333333333
2 0.428125 0.09375 0.046875 0.058333333333333334
2 0.471875 0.06458333333333334 0.034375 0.041666666666666664
