0 0.703125 0.17083333333333334 0.01875 0.05416666666666667
5 0.4515625 0.07083333333333333 0.0421875 0.05416666666666667
2 0.2515625 0.027083333333333334 0.0390625 0.03125
0 0.6265625 0.13541666666666666 0.01875 0.05
5 0.315625 0.07708333333333334 0.046875 0.07708333333333334
2 0.38125 0.09166666666666666 0.0390625 0.04583333333333333
6 0.3421875 0.05625 0.09375 0.11041666666666666
2 0.4796875 0.027083333333333334 0.0265625 0.03333333333333333
2 0.33125 0.19791666666666666 0.109375 0.06875
2 0.5 0.0125 0.025 0.027083333333333334
2 0.6546875 0.21666666666666667 0.109375 0.06875
2 0.709375 0.2791666666666667 0.1421875 0.08541666666666667
2 0.0390625 0.16041666666666668 0.078125 0.0625
