2 0.2578125 0.16458333333333333 0.084375 0.09375
2 0.234375 0.14791666666666667 0.0875 0.06875
2 0.028125 0.26458333333333334 0.0578125 0.11666666666666667
2 0.4296875 0.0375 0.03125 0.0375
2 0.4609375 0.0375 0.0265625 0.0375
2 0.4171875 0.06875 0.0390625 0.05
2 0.4390625 0.08333333333333333 0.0421875 0.05416666666666667
2 0.3515625 0.3458333333333333 0.10625 0.13958333333333334
2 0.5375 0.19375 0.05 0.07083333333333333
2 0.50625 0.0125 0.025 0.025
2 0.4734375 0.05416666666666667 0.0375 0.05416666666666667
2 0.34375 0.07916666666666666 0.05 0.058333333333333334
