2 0.2515625 0.03125 0.0390625 0.03333333333333333
2 0.4234375 0.09791666666666667 0.046875 0.058333333333333334
2 0.4828125 0.016666666666666666 0.0265625 0.03125
2 0.3671875 0.07083333333333333 0.0390625 0.041666666666666664
2 0.453125 0.075 0.0390625 0.04583333333333333
2 0.428125 0.05625 0.03125 0.0375
2 0.4609375 0.0375 0.028125 0.03333333333333333
2 0.5078125 0.03333333333333333 0.0265625 0.03333333333333333
2 0.4875 0.05 0.03125 0.0375
2 0.53125 0.016666666666666666 0.03125 0.03333333333333333
2 0.3125 0.1 0.0453125 0.05
2 0.359375 0.10208333333333333 0.053125 0.0625
