2 0.39375 0.04791666666666667 0.0265625 0.03125
2 0.425 0.029166666666666667 0.034375 0.0375
5 0.7328125 0.18541666666666667 0.1109375 0.17708333333333334
5 0.459375 0.029166666666666667 0.046875 0.058333333333333334
2 0.4921875 0.016666666666666666 0.03125 0.03333333333333333
6 0.9 0.32083333333333336 0.1921875 0.3125
2 0.2515625 0.03125 0.0390625 0.03333333333333333
2 0.6125 0.0375 0.0234375 0.03333333333333333
2 0.5671875 0.11458333333333333 0.034375 0.04583333333333333
2 0.3609375 0.06875 0.0390625 0.041666666666666664
6 0.834375 0.22291666666666668 0.2546875 0.275
5 0.775 0.28125 0.1265625 0.23541666666666666
2 0.3140625 0.09583333333333334 0.053125 0.05416666666666667
2 0.3109375 0.4166666666666667 0.1921875 0.15625
2 0.378125 0.0875 0.0453125 0.05416666666666667
