2 0.4484375 0.075 0.0390625 0.05
5 0.4203125 0.09791666666666667 0.05 0.0625
5 0.5875 0.0125 0.0265625 0.027083333333333334
2 0.2515625 0.03125 0.0390625 0.03333333333333333
2 0.621875 0.027083333333333334 0.0203125 0.029166666666666667
2 0.571875 0.12708333333333333 0.0390625 0.058333333333333334
2 0.53125 0.01875 0.03125 0.03333333333333333
2 0.55625 0.05416666666666667 0.0265625 0.0375
2 0.321875 0.38333333333333336 0.1265625 0.17083333333333334
2 0.4796875 0.05416666666666667 0.034375 0.041666666666666664
2 0.515625 0.1125 0.046875 0.06875
