6 0.55 0.058333333333333334 0.046875 0.11458333333333333
2 0.459375 0.016666666666666666 0.01875 0.029166666666666667
2 0.4453125 0.04583333333333333 0.03125 0.03333333333333333
2 0.4890625 0.016666666666666666 0.025 0.03125
2 0.4390625 0.08333333333333333 0.0421875 0.05416666666666667
2 0.4359375 0.029166666666666667 0.03125 0.04583333333333333
2 0.375 0.0625 0.034375 0.041666666666666664
2 0.5046875 0.0125 0.0234375 0.025
2 0.4078125 0.07083333333333333 0.0421875 0.05
2 0.4703125 0.05416666666666667 0.0390625 0.05416666666666667
2 0.58125 0.16666666666666666 0.0625 0.06666666666666667
2 0.325 0.09166666666666666 0.046875 0.05
