0 0.784375 0.24791666666666667 0.0171875 0.06666666666666667
0 0.8078125 0.25 0.01875 0.07083333333333333
2 0.09375 0.27291666666666664 0.1171875 0.11666666666666667
2 0.5796875 0.016666666666666666 0.0234375 0.029166666666666667
2 0.6203125 0.01875 0.01875 0.029166666666666667
2 0.4375 0.035416666666666666 0.0453125 0.06875
2 0.2515625 0.03125 0.0390625 0.03333333333333333
2 0.4046875 0.28541666666666665 0.09375 0.11458333333333333
2 0.1859375 0.08541666666666667 0.071875 0.041666666666666664
2 0.5890625 0.1 0.03125 0.05
2 0.1921875 0.5958333333333333 0.1875 0.23333333333333334
2 0.609375 0.04583333333333333 0.025 0.03333333333333333
2 0.321875 0.125 0.0546875 0.058333333333333334
