2 0.51875 0.025 0.03125 0.041666666666666664
5 0.3140625 0.06666666666666667 0.0421875 0.09375
2 0.4375 0.027083333333333334 0.028125 0.041666666666666664
2 0.2515625 0.03125 0.0390625 0.03333333333333333
6 0.3375 0.05625 0.078125 0.10208333333333333
2 0.3890625 0.08125 0.0421875 0.05
2 0.4296875 0.052083333333333336 0.0375 0.041666666666666664
2 0.465625 0.06875 0.034375 0.041666666666666664
2 0.340625 0.10625 0.0609375 0.07916666666666666
2 0.4296875 0.09375 0.046875 0.058333333333333334
2 0.4625 0.03333333333333333 0.0265625 0.03333333333333333
