2 0.4171875 0.07083333333333333 0.034375 0.041666666666666664
6 0.109375 0.40208333333333335 0.2203125 0.32083333333333336
6 0.4015625 0.03333333333333333 0.09375 0.06875
2 0.515625 0.010416666666666666 0.025 0.020833333333333332
5 0.371875 0.041666666666666664 0.046875 0.08541666666666667
2 0.2515625 0.03125 0.0390625 0.03333333333333333
2 0.584375 0.022916666666666665 0.0203125 0.029166666666666667
2 0.4953125 0.020833333333333332 0.025 0.03333333333333333
2 0.46875 0.03125 0.0265625 0.03125
2 0.3703125 0.09791666666666667 0.046875 0.05416666666666667
2 0.465625 0.06666666666666667 0.034375 0.04583333333333333
2 0.3234375 0.0875 0.05 0.05416666666666667
2 0.91875 0.3104166666666667 0.1578125 0.11875
2 0.4375 0.08958333333333333 0.0390625 0.05
