2 0.39375 0.04791666666666667 0.0265625 0.03125
5 0.459375 0.029166666666666667 0.046875 0.058333333333333334
2 0.5109375 0.010416666666666666 0.025 0.020833333333333332
0 0.959375 0.19375 0.025 0.08541666666666667
2 0.425 0.029166666666666667 0.034375 0.0375
2 0.2515625 0.03125 0.0390625 0.0375
2 0.9484375 0.36666666666666664 0.1 0.16041666666666668
2 0.4921875 0.016666666666666666 0.028125 0.03333333333333333
5 0.184375 0.24791666666666667 0.0984375 0.23333333333333334
6 0.4484375 0.24791666666666667 0.4765625 0.2520833333333333
2 0.3609375 0.06875 0.0390625 0.04583333333333333
6 0.640625 0.13541666666666666 0.18125 0.22291666666666668
2 0.378125 0.0875 0.0453125 0.05416666666666667
2 0.3140625 0.09375 0.053125 0.05416666666666667
