6 0.3953125 0.4479166666666667 0.25 0.5
2 0.4234375 0.09791666666666667 0.046875 0.0625
2 0.4546875 0.075 0.0375 0.04583333333333333
2 0.56875 0.035416666666666666 0.0234375 0.03333333333333333
2 0.5421875 0.07291666666666667 0.03125 0.041666666666666664
2 0.1359375 0.24375 0.1171875 0.11666666666666667
2 0.590625 0.05625 0.0265625 0.0375
2 0.53125 0.016666666666666666 0.03125 0.03333333333333333
2 0.5078125 0.03333333333333333 0.0265625 0.03333333333333333
2 0.490625 0.15 0.05 0.07083333333333333
2 0.4875 0.05 0.03125 0.0375
2 0.3515625 0.11458333333333333 0.0546875 0.05416666666666667
