6 0.3359375 0.058333333333333334 0.1234375 0.11875
0 0.8921875 0.44375 0.028125 0.10625
2 0.5203125 0.00625 0.01875 0.0125
5 0.4421875 0.01875 0.028125 0.03333333333333333
5 0.475 0.022916666666666665 0.03125 0.04583333333333333
2 0.425 0.06041666666666667 0.03125 0.0375
0 0.85625 0.44166666666666665 0.0265625 0.1
2 0.5 0.014583333333333334 0.025 0.029166666666666667
2 0.2515625 0.03125 0.034375 0.03333333333333333
5 0.296875 0.07083333333333333 0.0609375 0.11458333333333333
2 0.1578125 0.23541666666666666 0.109375 0.1
2 0.3046875 0.425 0.121875 0.16458333333333333
2 0.371875 0.09791666666666667 0.05 0.05416666666666667
