5 0.5140625 0.027083333333333334 0.03125 0.04583333333333333
0 0.184375 0.125 0.015625 0.05
5 0.48125 0.01875 0.0375 0.0375
2 0.253125 0.029166666666666667 0.0375 0.03333333333333333
2 0.3953125 0.05 0.03125 0.0375
2 0.40625 0.06875 0.0421875 0.05
2 0.4625 0.07083333333333333 0.034375 0.04583333333333333
2 0.084375 0.81875 0.165625 0.35
2 0.4296875 0.09375 0.046875 0.058333333333333334
2 0.434375 0.029166666666666667 0.03125 0.041666666666666664
2 0.459375 0.0375 0.028125 0.0375
2 0.2734375 0.14583333333333334 0.078125 0.09791666666666667
2 0.353125 0.10833333333333334 0.05 0.058333333333333334
