2 0.396875 0.05 0.0390625 0.04583333333333333
2 0.4796875 0.022916666666666665 0.0265625 0.03125
2 0.3953125 0.8895833333333333 0.3984375 0.21666666666666667
5 0.2390625 0.11041666666666666 0.053125 0.10625
2 0.440625 0.025 0.028125 0.03125
2 0.43125 0.08541666666666667 0.0421875 0.05416666666666667
2 0.23125 0.5020833333333333 0.234375 0.3375
2 0.5390625 0.17916666666666667 0.046875 0.06875
2 0.50625 0.0125 0.025 0.025
6 0.3359375 0.05625 0.0921875 0.10833333333333334
2 0.465625 0.0625 0.0390625 0.04583333333333333
2 0.14375 0.22708333333333333 0.1296875 0.13958333333333334
6 0.26875 0.09166666666666666 0.109375 0.12916666666666668
2 0.3171875 0.13333333333333333 0.0671875 0.06666666666666667
4 0.553125 0.06458333333333334 0.0609375 0.12291666666666666
