5 0.5796875 0.016666666666666666 0.0234375 0.03333333333333333
0 0.85625 0.3770833333333333 0.0265625 0.09166666666666666
2 0.1453125 0.24583333333333332 0.109375 0.1
2 0.5140625 0.00625 0.0203125 0.014583333333333334
5 0.3875 0.0375 0.034375 0.06666666666666667
0 0.8265625 0.3729166666666667 0.0234375 0.0875
2 0.0828125 0.8208333333333333 0.165625 0.35208333333333336
6 0.1953125 0.11875 0.2359375 0.22708333333333333
2 0.39375 0.3145833333333333 0.090625 0.11666666666666667
2 0.4953125 0.016666666666666666 0.025 0.029166666666666667
2 0.4671875 0.03333333333333333 0.028125 0.0375
2 0.3078125 0.13958333333333334 0.0578125 0.058333333333333334
2 0.50625 0.1375 0.0421875 0.058333333333333334
