0 0.8671875 0.3854166666666667 0.034375 0.09375
2 0.60625 0.022916666666666665 0.01875 0.03125
2 0.5421875 0.07916666666666666 0.03125 0.04583333333333333
2 0.39375 0.08333333333333333 0.0421875 0.05
2 0.446875 0.22291666666666668 0.0625 0.08333333333333333
2 0.4734375 0.05625 0.0375 0.05
2 0.0703125 0.22291666666666668 0.1296875 0.125
2 0.4921875 0.014583333333333334 0.0265625 0.03125
2 0.51875 0.27708333333333335 0.06875 0.1
2 0.225 0.5270833333333333 0.196875 0.25833333333333336
2 0.3453125 0.08333333333333333 0.046875 0.04583333333333333
2 0.275 0.15625 0.0796875 0.075
