0 0.178125 0.11041666666666666 0.0171875 0.058333333333333334
2 0.5171875 0.022916666666666665 0.03125 0.04583333333333333
2 0.259375 0.12916666666666668 0.0625 0.06666666666666667
5 0.3765625 0.035416666666666666 0.0390625 0.06875
2 0.490625 0.016666666666666666 0.0203125 0.029166666666666667
2 0.46875 0.014583333333333334 0.025 0.029166666666666667
2 0.440625 0.05416666666666667 0.0390625 0.041666666666666664
2 0.4890625 0.04583333333333333 0.03125 0.0375
2 0.4671875 0.06875 0.034375 0.04583333333333333
4 0.2421875 0.0625 0.1734375 0.10833333333333334
2 0.4390625 0.09375 0.0390625 0.05
2 0.2921875 0.1375 0.078125 0.09375
2 0.3765625 0.09166666666666666 0.0453125 0.05
