2 0.253125 0.03125 0.0375 0.03333333333333333
2 0.4234375 0.09791666666666667 0.0421875 0.05416666666666667
2 0.384375 0.052083333333333336 0.034375 0.03333333333333333
2 0.4734375 0.008333333333333333 0.025 0.016666666666666666
2 0.384375 0.08125 0.0375 0.05
2 0.584375 0.010416666666666666 0.01875 0.022916666666666665
6 0.265625 0.08958333333333333 0.1109375 0.13958333333333334
2 0.4453125 0.020833333333333332 0.0375 0.041666666666666664
2 0.45625 0.07708333333333334 0.0375 0.04583333333333333
2 0.5375 0.0125 0.025 0.027083333333333334
2 0.5578125 0.04583333333333333 0.0265625 0.0375
2 0.4609375 0.0375 0.034375 0.0375
2 0.0625 0.29791666666666666 0.1265625 0.1375
5 0.621875 0.014583333333333334 0.0265625 0.03125
2 0.528125 0.09791666666666667 0.034375 0.05
2 0.353125 0.10208333333333333 0.05 0.0625
2 0.5078125 0.25625 0.0609375 0.08541666666666667
