0 0.815625 0.2604166666666667 0.01875 0.06875
0 0.7890625 0.25833333333333336 0.01875 0.06875
5 0.4671875 0.025 0.0390625 0.05
2 0.2515625 0.03125 0.0390625 0.03333333333333333
2 0.5953125 0.07708333333333334 0.028125 0.041666666666666664
2 0.2734375 0.46875 0.1640625 0.21666666666666667
2 0.6140625 0.041666666666666664 0.0203125 0.03333333333333333
2 0.56875 0.0375 0.025 0.03333333333333333
2 0.5578125 0.17083333333333334 0.046875 0.06875
2 0.2734375 0.07291666666666667 0.0578125 0.041666666666666664
2 0.25 0.17083333333333334 0.0765625 0.07708333333333334
2 0.38125 0.08541666666666667 0.0390625 0.05
