2 0.39375 0.05 0.0265625 0.03333333333333333
5 0.6234375 0.14583333333333334 0.09375 0.11458333333333333
5 0.459375 0.03125 0.046875 0.0625
2 0.425 0.06041666666666667 0.034375 0.04583333333333333
2 0.425 0.029166666666666667 0.034375 0.0375
2 0.509375 0.010416666666666666 0.0265625 0.020833333333333332
2 0.38125 0.08541666666666667 0.046875 0.05
2 0.3625 0.06875 0.0390625 0.04583333333333333
2 0.2515625 0.03125 0.0390625 0.0375
2 0.4921875 0.016666666666666666 0.03125 0.03333333333333333
2 0.8 0.24791666666666667 0.1296875 0.07708333333333334
4 0.4015625 0.18333333333333332 0.296875 0.18125
