5 0.4203125 0.09791666666666667 0.046875 0.06666666666666667
2 0.434375 0.05416666666666667 0.034375 0.0375
2 0.45 0.075 0.0375 0.05
2 0.4703125 0.19791666666666666 0.0640625 0.08333333333333333
2 0.2515625 0.03125 0.0390625 0.03333333333333333
2 0.3609375 0.33541666666666664 0.1015625 0.13958333333333334
2 0.575 0.022916666666666665 0.0203125 0.029166666666666667
5 0.3421875 0.06875 0.0671875 0.07708333333333334
2 0.5078125 0.0125 0.0234375 0.025
2 0.559375 0.05 0.0265625 0.0375
2 0.2046875 0.20416666666666666 0.09375 0.0875
2 0.534375 0.10208333333333333 0.034375 0.05
