5 0.4859375 0.020833333333333332 0.034375 0.0375
2 0.509375 0.0125 0.01875 0.020833333333333332
2 0.4375 0.025 0.0265625 0.0375
2 0.378125 0.08125 0.053125 0.06875
6 0.35 0.052083333333333336 0.071875 0.1
2 0.2515625 0.03125 0.0390625 0.03333333333333333
2 0.434375 0.04791666666666667 0.03125 0.0375
5 0.33125 0.0625 0.0453125 0.0875
2 0.4296875 0.09375 0.046875 0.058333333333333334
2 0.4625 0.03333333333333333 0.0265625 0.03333333333333333
2 0.5921875 0.15625 0.0625 0.06875
2 0.5515625 0.0625 0.028125 0.041666666666666664
2 0.8 0.23958333333333334 0.140625 0.1
2 0.64375 0.32916666666666666 0.15 0.09375
