2 0.3703125 0.06041666666666667 0.0390625 0.041666666666666664
5 0.8671875 0.21458333333333332 0.103125 0.15416666666666667
5 0.415625 0.10208333333333333 0.046875 0.0625
2 0.3765625 0.0875 0.05 0.06666666666666667
4 0.9171875 0.30625 0.165625 0.22083333333333333
2 0.4375 0.04583333333333333 0.0390625 0.04583333333333333
2 0.5890625 0.10833333333333334 0.03125 0.04583333333333333
2 0.4640625 0.014583333333333334 0.025 0.022916666666666665
2 0.3265625 0.09166666666666666 0.046875 0.05
2 0.0484375 0.16041666666666668 0.0765625 0.058333333333333334
