5 0.4140625 0.10625 0.05 0.06666666666666667
5 0.6859375 0.1625 0.18125 0.17708333333333334
2 0.3703125 0.06041666666666667 0.0390625 0.041666666666666664
2 0.3765625 0.08541666666666667 0.0546875 0.06875
2 0.4609375 0.016666666666666666 0.025 0.027083333333333334
2 0.4375 0.04583333333333333 0.0390625 0.04583333333333333
2 0.6109375 0.025 0.0234375 0.03125
2 0.50625 0.03333333333333333 0.0265625 0.03333333333333333
2 0.325 0.09166666666666666 0.05 0.05
4 0.4765625 0.21458333333333332 0.259375 0.1875
