2 0.3921875 0.05 0.0265625 0.03333333333333333
2 0.425 0.03125 0.034375 0.041666666666666664
2 0.5109375 0.010416666666666666 0.025 0.020833333333333332
5 0.596875 0.1125 0.053125 0.1
2 0.2515625 0.03125 0.0390625 0.0375
2 0.425 0.0625 0.034375 0.04583333333333333
2 0.4921875 0.016666666666666666 0.028125 0.03333333333333333
2 0.9578125 0.28541666666666665 0.0796875 0.07083333333333333
2 0.3609375 0.06875 0.0390625 0.04583333333333333
2 0.728125 0.22708333333333333 0.1109375 0.07083333333333333
2 0.3140625 0.09583333333333334 0.053125 0.05416666666666667
2 0.378125 0.0875 0.0453125 0.05416666666666667
4 0.16875 0.14583333333333334 0.25 0.15625
2 0.7921875 0.29583333333333334 0.15 0.09375
