2 0.5640625 0.03333333333333333 0.0265625 0.04583333333333333
0 0.8671875 0.39375 0.025 0.09791666666666667
0 0.8390625 0.39166666666666666 0.025 0.09166666666666666
2 0.503125 0.010416666666666666 0.0234375 0.022916666666666665
2 0.25625 0.17083333333333334 0.078125 0.07708333333333334
2 0.2765625 0.47708333333333336 0.1453125 0.20833333333333334
2 0.4796875 0.025 0.028125 0.03333333333333333
2 0.3625 0.10208333333333333 0.046875 0.05
6 0.2609375 0.08958333333333333 0.1890625 0.18125
2 0.4625 0.2 0.0546875 0.07083333333333333
2 0.4453125 0.0375 0.0390625 0.0625
