0 0.76875 0.13541666666666666 0.015625 0.058333333333333334
0 0.7109375 0.16041666666666668 0.015625 0.05416666666666667
0 0.7453125 0.12708333333333333 0.01875 0.058333333333333334
2 0.36875 0.0625 0.0390625 0.0375
2 0.39375 0.0375 0.0390625 0.0375
2 0.2515625 0.03125 0.0390625 0.03333333333333333
5 0.5328125 0.14375 0.0796875 0.10208333333333333
2 0.528125 0.25 0.1171875 0.075
2 0.3640625 0.09791666666666667 0.046875 0.05416666666666667
6 0.6 0.15416666666666667 0.16875 0.18541666666666667
2 0.121875 0.17916666666666667 0.0875 0.058333333333333334
2 0.3140625 0.08958333333333333 0.0609375 0.06875
