2 0.378125 0.08125 0.05 0.06875
2 0.4375 0.022916666666666665 0.0265625 0.03333333333333333
2 0.5078125 0.0125 0.01875 0.020833333333333332
5 0.484375 0.01875 0.0375 0.0375
2 0.2515625 0.03125 0.0390625 0.03333333333333333
6 0.3484375 0.04791666666666667 0.0765625 0.09791666666666667
2 0.4296875 0.09375 0.046875 0.058333333333333334
2 0.434375 0.04583333333333333 0.03125 0.0375
0 0.203125 0.11666666666666667 0.01875 0.05416666666666667
5 0.3296875 0.06041666666666667 0.0421875 0.08541666666666667
2 0.534375 0.014583333333333334 0.025 0.03125
2 0.4625 0.035416666666666666 0.0265625 0.03333333333333333
2 0.4609375 0.175 0.0796875 0.07708333333333334
2 0.55 0.12291666666666666 0.046875 0.05416666666666667
