0 0.259375 0.125 0.0125 0.058333333333333334
2 0.3671875 0.09375 0.0390625 0.041666666666666664
2 0.3671875 0.06458333333333334 0.0390625 0.0375
2 0.2515625 0.03125 0.0390625 0.03333333333333333
2 0.61875 0.22083333333333333 0.1234375 0.06875
2 0.590625 0.027083333333333334 0.0203125 0.03333333333333333
4 0.0828125 0.34791666666666665 0.165625 0.2604166666666667
5 0.95 0.23541666666666666 0.0953125 0.19791666666666666
2 0.946875 0.33958333333333335 0.1015625 0.0875
2 0.3140625 0.08958333333333333 0.0609375 0.06875
4 0.440625 0.20208333333333334 0.3046875 0.1875
