2 0.6265625 0.008333333333333333 0.0203125 0.01875
2 0.3703125 0.06041666666666667 0.0390625 0.041666666666666664
2 0.3765625 0.08541666666666667 0.05 0.06875
5 0.415625 0.10208333333333333 0.046875 0.0625
2 0.4609375 0.016666666666666666 0.025 0.027083333333333334
5 0.6203125 0.1125 0.109375 0.14375
2 0.4375 0.04583333333333333 0.0390625 0.04583333333333333
4 0.24375 0.17291666666666666 0.228125 0.15208333333333332
2 0.9234375 0.31666666666666665 0.15 0.12291666666666666
2 0.3265625 0.09166666666666666 0.046875 0.05
2 0.48125 0.05416666666666667 0.034375 0.041666666666666664
