2 0.2515625 0.03125 0.0390625 0.03333333333333333
5 0.590625 0.0125 0.0203125 0.025
2 0.8453125 0.7958333333333333 0.3015625 0.4041666666666667
2 0.171875 0.22291666666666668 0.103125 0.10833333333333334
2 0.365625 0.0625 0.0453125 0.05416666666666667
2 0.140625 0.18125 0.0953125 0.09791666666666667
2 0.3390625 0.5625 0.228125 0.36666666666666664
4 0.4609375 0.1625 0.1296875 0.21458333333333332
2 0.3421875 0.11458333333333333 0.0546875 0.05416666666666667
2 0.2875 0.11458333333333333 0.0546875 0.05416666666666667
