2 0.4484375 0.04583333333333333 0.03125 0.0375
2 0.4125 0.06875 0.0421875 0.05
2 0.2515625 0.03125 0.0390625 0.03333333333333333
2 0.73125 0.23333333333333334 0.109375 0.075
5 0.309375 0.08333333333333333 0.046875 0.07708333333333334
2 0.5921875 0.10625 0.028125 0.04583333333333333
2 0.0953125 0.17083333333333334 0.0921875 0.07083333333333333
2 0.703125 0.2833333333333333 0.125 0.09375
2 0.56875 0.04583333333333333 0.0265625 0.03333333333333333
2 0.4078125 0.22291666666666668 0.1296875 0.075
2 0.35625 0.10833333333333334 0.053125 0.05
