5 0.31875 0.075 0.0609375 0.0875
5 0.4328125 0.09166666666666666 0.0421875 0.05416666666666667
0 0.725 0.15208333333333332 0.0125 0.05416666666666667
2 0.49375 0.014583333333333334 0.0265625 0.03125
2 0.4328125 0.09166666666666666 0.0421875 0.05
2 0.2515625 0.03125 0.0390625 0.03333333333333333
2 0.4640625 0.035416666666666666 0.03125 0.03333333333333333
2 0.909375 0.2791666666666667 0.134375 0.07708333333333334
2 0.534375 0.10625 0.034375 0.05
2 0.6484375 0.2 0.1015625 0.07708333333333334
2 0.3765625 0.09166666666666666 0.0421875 0.05
