2 0.5859375 0.014583333333333334 0.025 0.029166666666666667
2 0.5015625 0.0125 0.0265625 0.027083333333333334
5 0.1453125 0.14375 0.071875 0.14166666666666666
2 0.43125 0.0875 0.0453125 0.05416666666666667
2 0.55625 0.05 0.0265625 0.03333333333333333
2 0.0234375 0.33958333333333335 0.046875 0.14583333333333334
2 0.5078125 0.1375 0.046875 0.0625
6 0.2 0.125 0.16875 0.175
2 0.3921875 0.28958333333333336 0.0828125 0.10208333333333333
2 0.3609375 0.06875 0.0421875 0.05
2 0.28125 0.15416666666666667 0.0703125 0.07083333333333333
