4 0.1453125 0.07083333333333333 0.203125 0.1
2 0.4875 0.016666666666666666 0.025 0.027083333333333334
6 0.3734375 0.041666666666666664 0.0703125 0.08333333333333333
2 0.46875 0.016666666666666666 0.025 0.029166666666666667
2 0.396875 0.08125 0.0390625 0.04583333333333333
5 0.35625 0.04583333333333333 0.046875 0.09166666666666666
2 0.4890625 0.04583333333333333 0.03125 0.0375
2 0.4671875 0.06666666666666667 0.034375 0.04583333333333333
2 0.2875 0.4354166666666667 0.1265625 0.17083333333333334
2 0.4390625 0.09166666666666666 0.0390625 0.05
2 0.1109375 0.24583333333333332 0.1375 0.15833333333333333
2 0.290625 0.14583333333333334 0.0671875 0.06666666666666667
