2 0.4671875 0.0125 0.0265625 0.025
2 0.4640625 0.06041666666666667 0.0390625 0.05416666666666667
2 0.5546875 0.12083333333333333 0.034375 0.05416666666666667
2 0.421875 0.0375 0.028125 0.03333333333333333
2 0.3765625 0.058333333333333334 0.0421875 0.04583333333333333
2 0.43125 0.0875 0.0421875 0.05416666666666667
5 0.1796875 0.13541666666666666 0.0609375 0.12708333333333333
6 0.296875 0.06875 0.1171875 0.13333333333333333
6 0.225 0.10833333333333334 0.1375 0.15208333333333332
2 0.3890625 0.28958333333333336 0.1171875 0.18541666666666667
2 0.3765625 0.09166666666666666 0.0453125 0.05416666666666667
2 0.2171875 0.19791666666666666 0.0984375 0.09375
2 0.4921875 0.016666666666666666 0.0265625 0.029166666666666667
