2 0.5109375 0.010416666666666666 0.025 0.020833333333333332
6 0.6515625 0.175 0.203125 0.25416666666666665
2 0.4265625 0.029166666666666667 0.03125 0.0375
5 0.459375 0.029166666666666667 0.046875 0.058333333333333334
5 0.5171875 0.24375 0.0921875 0.22708333333333333
2 0.4921875 0.016666666666666666 0.028125 0.03333333333333333
2 0.5765625 0.04583333333333333 0.025 0.03333333333333333
2 0.2515625 0.03125 0.0390625 0.0375
2 0.3609375 0.06875 0.0390625 0.04583333333333333
2 0.3140625 0.09583333333333334 0.053125 0.05416666666666667
2 0.378125 0.0875 0.0453125 0.05416666666666667
6 0.771875 0.2916666666666667 0.4484375 0.32083333333333336
