2 0.39375 0.04791666666666667 0.0265625 0.03125
2 0.509375 0.010416666666666666 0.0265625 0.020833333333333332
2 0.425 0.029166666666666667 0.034375 0.0375
5 0.459375 0.029166666666666667 0.046875 0.058333333333333334
2 0.2515625 0.03125 0.0390625 0.03333333333333333
2 0.4921875 0.016666666666666666 0.03125 0.03333333333333333
5 0.6046875 0.041666666666666664 0.03125 0.06666666666666667
2 0.8609375 0.2604166666666667 0.1375 0.06666666666666667
2 0.3609375 0.06875 0.0390625 0.041666666666666664
2 0.503125 0.23958333333333334 0.10625 0.07916666666666666
2 0.6890625 0.21041666666666667 0.1015625 0.07083333333333333
2 0.3140625 0.09583333333333334 0.053125 0.05416666666666667
2 0.378125 0.0875 0.0453125 0.05416666666666667
2 0.9125 0.31875 0.1453125 0.09375
2 0.125 0.16875 0.09375 0.06875
