0 0.8609375 0.34375 0.0265625 0.09166666666666666
0 0.184375 0.11041666666666666 0.0171875 0.058333333333333334
2 0.253125 0.03125 0.0375 0.03333333333333333
5 0.584375 0.010416666666666666 0.0203125 0.020833333333333332
2 0.4375 0.08333333333333333 0.0453125 0.05416666666666667
2 0.109375 0.79375 0.2203125 0.39375
2 0.4125 0.0625 0.0453125 0.05416666666666667
2 0.5625 0.05 0.025 0.03333333333333333
2 0.4671875 0.19166666666666668 0.0625 0.07708333333333334
2 0.471875 0.05625 0.0390625 0.05
2 0.1015625 0.3375 0.09375 0.11875
2 0.05 0.18541666666666667 0.0609375 0.0625
2 0.51875 0.11666666666666667 0.0421875 0.05416666666666667
