0 0.784375 0.24583333333333332 0.015625 0.06666666666666667
0 0.8078125 0.24583333333333332 0.015625 0.06875
2 0.434375 0.03958333333333333 0.046875 0.06875
2 0.16875 0.0875 0.075 0.041666666666666664
2 0.6234375 0.0125 0.01875 0.027083333333333334
2 0.2515625 0.03125 0.0390625 0.03333333333333333
2 0.0609375 0.3020833333333333 0.115625 0.125
2 0.2265625 0.5354166666666667 0.1609375 0.21875
2 0.415625 0.26875 0.0859375 0.10208333333333333
2 0.59375 0.09375 0.03125 0.04583333333333333
2 0.5796875 0.014583333333333334 0.0203125 0.029166666666666667
2 0.609375 0.041666666666666664 0.025 0.03333333333333333
2 0.3109375 0.13333333333333333 0.0578125 0.0625
