2 0.5109375 0.010416666666666666 0.025 0.020833333333333332
2 0.425 0.029166666666666667 0.034375 0.0375
5 0.459375 0.029166666666666667 0.046875 0.058333333333333334
2 0.0328125 0.4791666666666667 0.0671875 0.17708333333333334
2 0.628125 0.010416666666666666 0.01875 0.020833333333333332
2 0.2515625 0.03125 0.0390625 0.0375
2 0.4921875 0.016666666666666666 0.028125 0.03333333333333333
2 0.5703125 0.058333333333333334 0.0265625 0.0375
5 0.571875 0.25 0.0953125 0.22083333333333333
2 0.3609375 0.06875 0.0390625 0.04583333333333333
6 0.7984375 0.30625 0.3953125 0.32916666666666666
2 0.3140625 0.09583333333333334 0.053125 0.05416666666666667
2 0.378125 0.0875 0.0453125 0.05416666666666667
