0 0.9015625 0.19791666666666666 0.01875 0.0625
5 0.5171875 0.12083333333333333 0.0703125 0.11458333333333333
2 0.559375 0.05 0.0265625 0.03333333333333333
2 0.35625 0.052083333333333336 0.046875 0.04583333333333333
2 0.2515625 0.03125 0.0390625 0.03333333333333333
2 0.0234375 0.15208333333333332 0.046875 0.05416666666666667
2 0.3640625 0.09791666666666667 0.046875 0.05416666666666667
2 0.3140625 0.08958333333333333 0.0609375 0.06875
2 0.321875 0.20625 0.103125 0.06875
6 0.5671875 0.13958333333333334 0.1375 0.16875
