1 0.203125 0.1125 0.0265625 0.05416666666666667
2 0.4234375 0.09791666666666667 0.0390625 0.05416666666666667
5 0.621875 0.014583333333333334 0.0265625 0.03125
2 0.45625 0.07708333333333334 0.0375 0.04583333333333333
2 0.2515625 0.03125 0.0390625 0.03333333333333333
5 0.3734375 0.04375 0.0390625 0.06875
2 0.615625 0.05 0.025 0.03333333333333333
2 0.578125 0.12708333333333333 0.0390625 0.05
2 0.6015625 0.07708333333333334 0.03125 0.041666666666666664
2 0.5390625 0.24791666666666667 0.0546875 0.1
2 0.484375 0.05416666666666667 0.03125 0.0375
6 0.3890625 0.03958333333333333 0.0640625 0.07916666666666666
