0 0.8078125 0.30416666666666664 0.01875 0.07916666666666666
0 0.8296875 0.30625 0.0203125 0.07916666666666666
2 0.409375 0.029166666666666667 0.034375 0.03333333333333333
2 0.5859375 0.016666666666666666 0.01875 0.029166666666666667
6 0.259375 0.09166666666666666 0.121875 0.13958333333333334
2 0.4859375 0.31875 0.078125 0.11666666666666667
2 0.425 0.0625 0.03125 0.0375
2 0.5546875 0.075 0.03125 0.041666666666666664
2 0.196875 0.18958333333333333 0.115625 0.13541666666666666
2 0.471875 0.029166666666666667 0.0265625 0.03333333333333333
2 0.5640625 0.17291666666666666 0.046875 0.06875
2 0.4921875 0.16041666666666668 0.053125 0.06875
2 0.3625 0.1 0.046875 0.05416666666666667
