0 0.796875 0.22916666666666666 0.0171875 0.06666666666666667
6 0.4015625 0.03333333333333333 0.1 0.06875
0 0.7765625 0.22708333333333333 0.01875 0.0625
2 0.625 0.010416666666666666 0.01875 0.022916666666666665
2 0.0125 0.09375 0.025 0.04583333333333333
2 0.2515625 0.03125 0.0390625 0.03333333333333333
2 0.4421875 0.22916666666666666 0.0625 0.08541666666666667
2 0.50625 0.010416666666666666 0.025 0.022916666666666665
2 0.6140625 0.035416666666666666 0.0234375 0.03333333333333333
2 0.5078125 0.13958333333333334 0.05 0.0625
2 0.0890625 0.275 0.1265625 0.11875
2 0.225 0.5270833333333333 0.1890625 0.24375
