0 0.1640625 0.1 0.0171875 0.05
2 0.553125 0.00625 0.0203125 0.0125
2 0.378125 0.08125 0.05 0.06875
2 0.4375 0.025 0.0265625 0.0375
0 0.2015625 0.11666666666666667 0.0203125 0.05
2 0.2515625 0.03125 0.0390625 0.03333333333333333
2 0.434375 0.04791666666666667 0.03125 0.0375
6 0.35 0.052083333333333336 0.071875 0.1
2 0.53125 0.020833333333333332 0.03125 0.03333333333333333
5 0.3296875 0.06041666666666667 0.0421875 0.08541666666666667
2 0.4625 0.035416666666666666 0.0265625 0.03333333333333333
2 0.4296875 0.09375 0.046875 0.058333333333333334
2 0.571875 0.09375 0.034375 0.04583333333333333
2 0.521875 0.1375 0.05 0.0625
