2 0.4234375 0.0625 0.03125 0.041666666666666664
5 0.4734375 0.025 0.03125 0.05
2 0.2515625 0.029166666666666667 0.034375 0.029166666666666667
0 0.890625 0.44166666666666665 0.03125 0.1
0 0.853125 0.4375 0.0265625 0.1
2 0.5171875 0.00625 0.0203125 0.0125
2 0.496875 0.014583333333333334 0.025 0.029166666666666667
2 0.3234375 0.4 0.109375 0.15
5 0.290625 0.075 0.0578125 0.11458333333333333
2 0.3671875 0.1 0.053125 0.058333333333333334
2 0.1359375 0.24791666666666667 0.1171875 0.10625
2 0.528125 0.09375 0.0390625 0.0625
