2 0.34375 0.08333333333333333 0.0390625 0.04583333333333333
0 0.803125 0.13541666666666666 0.0203125 0.05416666666666667
2 0.0078125 0.15 0.015625 0.05
5 0.421875 0.09791666666666667 0.05 0.0625
2 0.2515625 0.029166666666666667 0.0390625 0.03333333333333333
2 0.5921875 0.0125 0.0203125 0.027083333333333334
2 0.68125 0.41041666666666665 0.1734375 0.10833333333333334
6 0.8609375 0.32708333333333334 0.2703125 0.22083333333333333
2 0.2 0.42916666666666664 0.2046875 0.13541666666666666
2 0.2171875 0.17708333333333334 0.09375 0.075
