5 0.2828125 0.08125 0.046875 0.08541666666666667
2 0.45625 0.041666666666666664 0.03125 0.0375
2 0.509375 0.010416666666666666 0.0203125 0.020833333333333332
6 0.3609375 0.05 0.0859375 0.1
2 0.5765625 0.027083333333333334 0.0203125 0.029166666666666667
2 0.046875 0.85625 0.09375 0.28125
2 0.4234375 0.035416666666666666 0.034375 0.041666666666666664
5 0.271875 0.15 0.0828125 0.0875
2 0.490625 0.020833333333333332 0.0265625 0.029166666666666667
2 0.4640625 0.0625 0.0390625 0.05
2 0.4578125 0.016666666666666666 0.0265625 0.029166666666666667
6 0.3109375 0.06666666666666667 0.0984375 0.11875
2 0.128125 0.23958333333333334 0.1234375 0.125
2 0.43125 0.0875 0.0421875 0.05416666666666667
2 0.5 0.28958333333333336 0.0765625 0.11666666666666667
2 0.38125 0.0875 0.0421875 0.05
4 0.53125 0.10833333333333334 0.1 0.15
