2 0.3921875 0.04791666666666667 0.0265625 0.03125
2 0.509375 0.010416666666666666 0.0265625 0.020833333333333332
5 0.628125 0.010416666666666666 0.025 0.022916666666666665
2 0.425 0.029166666666666667 0.034375 0.0375
5 0.459375 0.029166666666666667 0.046875 0.058333333333333334
2 0.9734375 0.33541666666666664 0.05 0.09375
2 0.2515625 0.03125 0.0390625 0.03333333333333333
2 0.4921875 0.016666666666666666 0.028125 0.03333333333333333
2 0.68125 0.20416666666666666 0.0984375 0.075
2 0.3609375 0.06875 0.0390625 0.04583333333333333
2 0.0171875 0.13958333333333334 0.034375 0.0625
2 0.8375 0.2625 0.1328125 0.07083333333333333
2 0.3140625 0.09583333333333334 0.053125 0.05416666666666667
2 0.2046875 0.1875 0.090625 0.06666666666666667
2 0.378125 0.0875 0.0453125 0.05416666666666667
