2 0.4796875 0.027083333333333334 0.0265625 0.03333333333333333
0 0.5765625 0.13958333333333334 0.015625 0.04583333333333333
0 0.765625 0.175 0.01875 0.058333333333333334
2 0.38125 0.09166666666666666 0.0390625 0.04583333333333333
2 0.5 0.0125 0.025 0.027083333333333334
6 0.3390625 0.05625 0.0953125 0.11458333333333333
2 0.2515625 0.03125 0.0390625 0.03333333333333333
2 0.5296875 0.15625 0.0640625 0.06875
2 0.36875 0.2125 0.109375 0.07083333333333333
2 0.08125 0.15833333333333333 0.0921875 0.06666666666666667
2 0.89375 0.32083333333333336 0.165625 0.08541666666666667
