2 0.8125 0.90625 0.353125 0.18125
2 0.4484375 0.075 0.0390625 0.05
2 0.30625 0.1 0.046875 0.05416666666666667
2 0.2515625 0.03125 0.0390625 0.03333333333333333
5 0.4203125 0.09791666666666667 0.05 0.0625
2 0.053125 0.24583333333333332 0.1078125 0.11666666666666667
6 0.240625 0.14375 0.1296875 0.16458333333333333
2 0.4609375 0.0375 0.034375 0.03333333333333333
2 0.334375 0.375 0.103125 0.14583333333333334
2 0.378125 0.08333333333333333 0.053125 0.06875
2 0.4640625 0.20416666666666666 0.0578125 0.075
