2 0.39375 0.04791666666666667 0.0265625 0.03125
2 0.425 0.029166666666666667 0.034375 0.0375
5 0.459375 0.029166666666666667 0.046875 0.058333333333333334
6 0.765625 0.21458333333333332 0.2671875 0.2708333333333333
2 0.2515625 0.03125 0.0390625 0.0375
2 0.4921875 0.016666666666666666 0.028125 0.03333333333333333
2 0.5640625 0.08958333333333333 0.0265625 0.041666666666666664
2 0.61875 0.020833333333333332 0.0203125 0.03125
2 0.15625 0.44166666666666665 0.2203125 0.18541666666666667
2 0.3609375 0.06875 0.0390625 0.04583333333333333
6 0.8625 0.3104166666666667 0.26875 0.30416666666666664
5 0.6828125 0.2708333333333333 0.10625 0.22708333333333333
2 0.3140625 0.09583333333333334 0.053125 0.05416666666666667
2 0.378125 0.08958333333333333 0.0453125 0.05
