2 0.4125 0.06875 0.0421875 0.05
2 0.75 0.23541666666666666 0.115625 0.075
0 0.4375 0.12916666666666668 0.01875 0.058333333333333334
2 0.125 0.175 0.0984375 0.07083333333333333
2 0.2515625 0.03125 0.0390625 0.03333333333333333
2 0.45 0.04583333333333333 0.028125 0.0375
2 0.7484375 0.28958333333333336 0.1296875 0.09791666666666667
5 0.309375 0.08333333333333333 0.046875 0.07708333333333334
2 0.5921875 0.11458333333333333 0.03125 0.04583333333333333
2 0.5671875 0.05 0.0265625 0.0375
2 0.4453125 0.22916666666666666 0.134375 0.07708333333333334
2 0.35625 0.10833333333333334 0.053125 0.05
