2 0.44375 0.04583333333333333 0.0390625 0.05
2 0.465625 0.03333333333333333 0.03125 0.03333333333333333
2 0.378125 0.0875 0.0390625 0.041666666666666664
5 0.4296875 0.09166666666666666 0.078125 0.09375
2 0.36875 0.06458333333333334 0.0421875 0.04583333333333333
2 0.2515625 0.03125 0.0390625 0.03333333333333333
2 0.3296875 0.09375 0.0421875 0.05
2 0.56875 0.04583333333333333 0.0265625 0.0375
2 0.490625 0.016666666666666666 0.03125 0.03333333333333333
4 0.265625 0.18958333333333333 0.340625 0.18958333333333333
