5 0.5109375 0.029166666666666667 0.03125 0.04583333333333333
0 0.184375 0.125 0.0125 0.05
5 0.25625 0.15416666666666667 0.0828125 0.10208333333333333
2 0.253125 0.03125 0.0375 0.03333333333333333
5 0.48125 0.01875 0.0375 0.0375
2 0.3921875 0.052083333333333336 0.03125 0.03333333333333333
6 0.3046875 0.07291666666666667 0.09375 0.11875
2 0.4625 0.07083333333333333 0.034375 0.04583333333333333
2 0.4328125 0.03125 0.03125 0.041666666666666664
2 0.4015625 0.07083333333333333 0.0390625 0.04583333333333333
2 0.4578125 0.0375 0.028125 0.03333333333333333
2 0.4296875 0.09375 0.046875 0.058333333333333334
2 0.1109375 0.7229166666666667 0.2234375 0.33958333333333335
2 0.34375 0.11041666666666666 0.05 0.0625
