2 0.371875 0.06041666666666667 0.0390625 0.041666666666666664
2 0.378125 0.08541666666666667 0.053125 0.06875
2 0.4375 0.04583333333333333 0.0390625 0.04583333333333333
2 0.621875 0.0125 0.01875 0.025
2 0.4609375 0.016666666666666666 0.025 0.027083333333333334
5 0.634375 0.12916666666666668 0.1109375 0.15416666666666667
2 0.959375 0.28125 0.0765625 0.08333333333333333
2 0.4890625 0.04583333333333333 0.03125 0.0375
2 0.96875 0.3333333333333333 0.0625 0.10833333333333334
2 0.328125 0.09166666666666666 0.05 0.05
4 0.3140625 0.18541666666666667 0.2390625 0.15833333333333333
