2 0.4375 0.08333333333333333 0.0453125 0.05416666666666667
0 0.1875 0.11041666666666666 0.01875 0.05
2 0.0984375 0.375 0.140625 0.18125
2 0.2515625 0.03125 0.0390625 0.03333333333333333
2 0.384375 0.05416666666666667 0.0453125 0.05
2 0.478125 0.008333333333333333 0.0265625 0.016666666666666666
2 0.4171875 0.26666666666666666 0.0796875 0.10625
2 0.39375 0.075 0.0453125 0.05
2 0.471875 0.05416666666666667 0.0390625 0.05416666666666667
2 0.58125 0.022916666666666665 0.01875 0.029166666666666667
2 0.5109375 0.12708333333333333 0.0453125 0.058333333333333334
2 0.55 0.06875 0.03125 0.041666666666666664
2 0.078125 0.2 0.0703125 0.06875
