2 0.8921875 0.90625 0.2078125 0.18125
2 0.4953125 0.32708333333333334 0.0828125 0.125
2 0.2296875 0.8020833333333334 0.284375 0.38125
0 0.8375 0.32916666666666666 0.0203125 0.08333333333333333
0 0.8109375 0.3229166666666667 0.0203125 0.08333333333333333
2 0.2515625 0.03333333333333333 0.0421875 0.0375
2 0.0453125 0.32916666666666666 0.090625 0.14375
2 0.4203125 0.26666666666666666 0.0796875 0.10833333333333334
2 0.4421875 0.014583333333333334 0.028125 0.03125
2 0.56875 0.04583333333333333 0.025 0.03333333333333333
2 0.521875 0.125 0.0390625 0.05416666666666667
2 0.3109375 0.11875 0.0765625 0.1
6 0.078125 0.18541666666666667 0.1578125 0.25
2 0.49375 0.016666666666666666 0.025 0.029166666666666667
2 0.4078125 0.07083333333333333 0.0390625 0.04583333333333333
2 0.4578125 0.03958333333333333 0.03125 0.03333333333333333
