0 0.625 0.13958333333333334 0.0125 0.05
0 0.5734375 0.14166666666666666 0.01875 0.05416666666666667
2 0.2515625 0.03125 0.0390625 0.03333333333333333
2 0.36875 0.06458333333333334 0.0390625 0.0375
2 0.009375 0.13958333333333334 0.01875 0.05416666666666667
6 0.803125 0.2 0.228125 0.19791666666666666
2 0.55 0.25833333333333336 0.1140625 0.06875
2 0.259375 0.19791666666666666 0.0859375 0.06875
2 0.5234375 0.19583333333333333 0.090625 0.07083333333333333
2 0.3640625 0.1 0.046875 0.05416666666666667
2 0.3140625 0.09166666666666666 0.0609375 0.06875
