2 0.25 0.03125 0.0421875 0.03333333333333333
2 0.509375 0.0125 0.01875 0.020833333333333332
6 0.3484375 0.05 0.075 0.1
2 0.4140625 0.06875 0.0375 0.05
5 0.3296875 0.06666666666666667 0.0421875 0.07916666666666666
2 0.434375 0.04583333333333333 0.028125 0.0375
2 0.546875 0.6083333333333333 0.228125 0.21875
2 0.4625 0.03333333333333333 0.0265625 0.03125
2 0.471875 0.23333333333333334 0.1375 0.1
2 0.725 0.2791666666666667 0.1171875 0.08541666666666667
2 0.2296875 0.18958333333333333 0.0859375 0.06666666666666667
2 0.4484375 0.07708333333333334 0.0421875 0.05416666666666667
2 0.6765625 0.21875 0.1109375 0.07083333333333333
2 0.03125 0.15208333333333332 0.0640625 0.0625
2 0.9078125 0.27708333333333335 0.1421875 0.07916666666666666
