2 0.590625 0.008333333333333333 0.0171875 0.01875
5 0.190625 0.12291666666666666 0.0703125 0.12916666666666668
5 0.4609375 0.029166666666666667 0.053125 0.058333333333333334
5 0.3796875 0.08541666666666667 0.046875 0.0625
6 0.23125 0.1 0.125 0.14166666666666666
2 0.575 0.035416666666666666 0.0203125 0.03125
2 0.3375 0.07708333333333334 0.0421875 0.058333333333333334
2 0.4953125 0.15833333333333333 0.046875 0.058333333333333334
2 0.15625 0.6229166666666667 0.1921875 0.2604166666666667
2 0.2296875 0.1625 0.1109375 0.13541666666666666
