2 0.5875 0.008333333333333333 0.0203125 0.016666666666666666
5 0.03125 0.20625 0.0625 0.1875
2 0.5234375 0.10208333333333333 0.03125 0.04583333333333333
2 0.45625 0.03125 0.0375 0.05
0 0.9078125 0.2 0.0203125 0.06875
6 0.3859375 0.05625 0.0609375 0.09375
5 0.3796875 0.075 0.0609375 0.09166666666666666
2 0.6203125 0.0125 0.01875 0.025
2 0.4390625 0.09166666666666666 0.0390625 0.05
6 0.121875 0.14583333333333334 0.1796875 0.20833333333333334
2 0.15625 0.8895833333333333 0.2703125 0.21458333333333332
2 0.5609375 0.04583333333333333 0.0265625 0.0375
2 0.4640625 0.375 0.09375 0.15625
2 0.46875 0.06875 0.034375 0.04583333333333333
2 0.490625 0.04583333333333333 0.028125 0.0375
5 0.5421875 0.15 0.0765625 0.17708333333333334
2 0.1125 0.25625 0.1171875 0.125
