2 0.4234375 0.09791666666666667 0.046875 0.0625
2 0.5796875 0.01875 0.0203125 0.029166666666666667
2 0.259375 0.46875 0.1453125 0.19583333333333333
2 0.45625 0.075 0.0375 0.04583333333333333
2 0.5984375 0.03333333333333333 0.0234375 0.03333333333333333
2 0.5234375 0.09791666666666667 0.0390625 0.05
2 0.5578125 0.05 0.025 0.0375
2 0.53125 0.016666666666666666 0.03125 0.03333333333333333
2 0.453125 0.03125 0.0390625 0.058333333333333334
2 0.50625 0.03333333333333333 0.0265625 0.0375
2 0.4875 0.05 0.03125 0.0375
2 0.278125 0.15833333333333333 0.0765625 0.07083333333333333
