2 0.5859375 0.008333333333333333 0.01875 0.01875
5 0.4234375 0.09791666666666667 0.0390625 0.05416666666666667
5 0.621875 0.014583333333333334 0.0265625 0.03125
2 0.159375 0.23125 0.109375 0.10833333333333334
2 0.3796875 0.32083333333333336 0.0984375 0.12916666666666668
2 0.45625 0.07708333333333334 0.0375 0.04583333333333333
2 0.2515625 0.03125 0.0390625 0.03333333333333333
2 0.3359375 0.058333333333333334 0.0390625 0.0375
2 0.51875 0.11458333333333333 0.0390625 0.05
2 0.590625 0.07708333333333334 0.0265625 0.0375
2 0.11875 0.19583333333333333 0.103125 0.1
2 0.5328125 0.15625 0.0421875 0.0625
2 0.5015625 0.0375 0.0265625 0.0375
2 0.3109375 0.09375 0.0609375 0.075
