0 0.2015625 0.11041666666666666 0.01875 0.058333333333333334
2 0.4578125 0.0375 0.03125 0.0375
0 0.8328125 0.24375 0.01875 0.075
5 0.3796875 0.08541666666666667 0.0421875 0.05416666666666667
2 0.2515625 0.03125 0.0390625 0.03333333333333333
2 0.490625 0.04583333333333333 0.028125 0.0375
2 0.46875 0.06875 0.034375 0.04583333333333333
2 0.5921875 0.05 0.0234375 0.03333333333333333
2 0.1734375 0.22291666666666668 0.09375 0.09791666666666667
2 0.4875 0.15 0.05 0.06875
2 0.4390625 0.09375 0.0390625 0.05
2 0.565625 0.14375 0.046875 0.07916666666666666
2 0.18125 0.5854166666666667 0.203125 0.26666666666666666
2 0.275 0.125 0.0609375 0.0625
