2 0.0265625 0.26666666666666666 0.053125 0.125
0 0.9828125 0.19583333333333333 0.0203125 0.0625
2 0.409375 0.25625 0.0859375 0.11458333333333333
2 0.2515625 0.03125 0.0390625 0.03333333333333333
2 0.509375 0.010416666666666666 0.0203125 0.020833333333333332
2 0.0890625 0.28958333333333336 0.134375 0.11666666666666667
2 0.534375 0.2125 0.05 0.07083333333333333
2 0.5109375 0.12291666666666666 0.0390625 0.05416666666666667
2 0.2515625 0.17083333333333334 0.0796875 0.07708333333333334
2 0.35 0.6229166666666667 0.18125 0.28958333333333336
2 0.146875 0.08958333333333333 0.071875 0.041666666666666664
2 0.44375 0.04375 0.0390625 0.05
2 0.2328125 0.5 0.1609375 0.20416666666666666
2 0.30625 0.10625 0.0578125 0.058333333333333334
