2 0.484375 0.020833333333333332 0.0265625 0.03125
2 0.39375 0.9229166666666667 0.3375 0.14375
2 0.4015625 0.04583333333333333 0.0390625 0.04583333333333333
2 0.43125 0.0875 0.0421875 0.05416666666666667
2 0.4265625 0.058333333333333334 0.0390625 0.041666666666666664
5 0.2453125 0.10833333333333334 0.0546875 0.1
6 0.34375 0.052083333333333336 0.0875 0.10625
2 0.44375 0.022916666666666665 0.028125 0.03125
2 0.46875 0.0625 0.0375 0.04583333333333333
4 0.5484375 0.07291666666666667 0.0640625 0.125
2 0.5375 0.19583333333333333 0.05 0.075
2 0.50625 0.010416666666666666 0.0203125 0.022916666666666665
2 0.171875 0.2125 0.1171875 0.125
2 0.1828125 0.5708333333333333 0.2765625 0.3729166666666667
6 0.278125 0.0875 0.103125 0.12916666666666668
2 0.3328125 0.125 0.0625 0.0625
