6 0.35625 0.05625 0.0859375 0.07916666666666666
5 0.4109375 0.06875 0.0453125 0.05
2 0.2515625 0.03125 0.0390625 0.03333333333333333
5 0.640625 0.15833333333333333 0.1296875 0.16041666666666668
2 0.03125 0.15416666666666667 0.0625 0.058333333333333334
4 0.125 0.07083333333333333 0.2078125 0.1
5 0.309375 0.08333333333333333 0.046875 0.07708333333333334
2 0.28125 0.2 0.1 0.06875
6 0.8171875 0.2 0.3546875 0.2604166666666667
2 0.5390625 0.08541666666666667 0.03125 0.04583333333333333
2 0.3578125 0.10833333333333334 0.05 0.05
