2 0.0453125 0.25 0.0875 0.09375
4 0.5765625 0.03333333333333333 0.046875 0.06875
2 0.2515625 0.03125 0.0390625 0.03333333333333333
2 0.384375 0.07916666666666666 0.0453125 0.0625
2 0.046875 0.31875 0.09375 0.13958333333333334
5 0.43125 0.08333333333333333 0.0625 0.08541666666666667
2 0.44375 0.020833333333333332 0.0390625 0.041666666666666664
2 0.5171875 0.2625 0.0703125 0.10833333333333334
2 0.25 0.175 0.0703125 0.07083333333333333
2 0.48125 0.020833333333333332 0.03125 0.0375
2 0.3125 0.09375 0.0546875 0.058333333333333334
