5 0.740625 0.21458333333333332 0.0640625 0.12708333333333333
0 0.4328125 0.12916666666666668 0.0171875 0.05416666666666667
0 0.46875 0.11875 0.0203125 0.0625
2 0.36875 0.06458333333333334 0.0390625 0.0375
2 0.2515625 0.03125 0.0390625 0.03333333333333333
2 0.96875 0.3375 0.0578125 0.08541666666666667
4 0.153125 0.4 0.30625 0.3125
2 0.5234375 0.19791666666666666 0.0921875 0.075
6 0.8671875 0.2125 0.2625 0.20208333333333334
2 0.3140625 0.08958333333333333 0.0609375 0.06875
2 0.3640625 0.1 0.046875 0.058333333333333334
2 0.2609375 0.20208333333333334 0.1078125 0.0625
