5 0.55 0.10208333333333333 0.084375 0.12916666666666668
5 0.415625 0.10208333333333333 0.05 0.0625
2 0.3703125 0.06041666666666667 0.0390625 0.041666666666666664
2 0.440625 0.041666666666666664 0.0375 0.041666666666666664
2 0.453125 0.07708333333333334 0.034375 0.04583333333333333
2 0.3765625 0.0875 0.05 0.06666666666666667
2 0.459375 0.016666666666666666 0.0265625 0.027083333333333334
2 0.50625 0.010416666666666666 0.025 0.022916666666666665
2 0.3265625 0.09166666666666666 0.05 0.05
6 0.659375 0.15208333333333332 0.290625 0.23958333333333334
