2 0.4375 0.08333333333333333 0.0453125 0.05416666666666667
2 0.253125 0.03125 0.0375 0.03333333333333333
2 0.4078125 0.029166666666666667 0.0390625 0.04583333333333333
2 0.075 0.40208333333333335 0.125 0.16458333333333333
2 0.471875 0.05416666666666667 0.0390625 0.05416666666666667
2 0.5796875 0.01875 0.0203125 0.029166666666666667
2 0.5609375 0.05 0.028125 0.0375
2 0.534375 0.18541666666666667 0.05 0.06875
2 0.034375 0.16041666666666668 0.0703125 0.07708333333333334
2 0.38125 0.08125 0.0390625 0.05416666666666667
2 0.5265625 0.1 0.0375 0.05
2 0.3390625 0.07916666666666666 0.05 0.058333333333333334
