2 0.396875 0.03958333333333333 0.046875 0.06875
2 0.5921875 0.022916666666666665 0.0234375 0.03333333333333333
2 0.2515625 0.03125 0.0390625 0.03333333333333333
2 0.4453125 0.027083333333333334 0.03125 0.029166666666666667
2 0.03125 0.25833333333333336 0.0625 0.11458333333333333
5 0.43125 0.08333333333333333 0.0625 0.08541666666666667
2 0.31875 0.12916666666666668 0.0578125 0.058333333333333334
2 0.275 0.4395833333333333 0.1578125 0.21458333333333332
2 0.4921875 0.15416666666666667 0.05 0.06666666666666667
2 0.1328125 0.23541666666666666 0.1296875 0.1375
2 0.2625 0.12916666666666668 0.06875 0.0625
