2 0.503125 0.03333333333333333 0.03125 0.04583333333333333
2 0.446875 0.025 0.0203125 0.027083333333333334
2 0.4234375 0.06041666666666667 0.03125 0.0375
5 0.471875 0.025 0.0375 0.05
2 0.409375 0.041666666666666664 0.034375 0.041666666666666664
2 0.2515625 0.03125 0.0390625 0.03333333333333333
5 0.1796875 0.13125 0.0625 0.125
2 0.0578125 0.8645833333333334 0.1171875 0.2604166666666667
2 0.4625 0.07083333333333333 0.034375 0.04583333333333333
6 0.2171875 0.11041666666666666 0.1296875 0.15
2 0.428125 0.09375 0.0453125 0.058333333333333334
2 0.3515625 0.075 0.0421875 0.041666666666666664
2 0.44375 0.23125 0.0640625 0.08541666666666667
2 0.3234375 0.12083333333333333 0.0578125 0.0625
2 0.059375 0.2916666666666667 0.11875 0.17083333333333334
2 0.2140625 0.19375 0.0796875 0.08541666666666667
