5 0.3125 0.06041666666666667 0.0578125 0.11041666666666666
2 0.3046875 0.7333333333333333 0.2203125 0.39166666666666666
2 0.4234375 0.09791666666666667 0.046875 0.0625
2 0.3359375 0.36666666666666664 0.109375 0.14375
2 0.45625 0.075 0.034375 0.04583333333333333
2 0.490625 0.014583333333333334 0.0265625 0.03125
2 0.4375 0.23333333333333334 0.0625 0.08333333333333333
2 0.45625 0.0375 0.03125 0.0375
2 0.2796875 0.15625 0.0703125 0.07083333333333333
2 0.4875 0.05 0.03125 0.0375
2 0.53125 0.016666666666666666 0.03125 0.03333333333333333
2 0.1421875 0.19583333333333333 0.0984375 0.08541666666666667
2 0.5078125 0.03333333333333333 0.0265625 0.0375
2 0.553125 0.17083333333333334 0.0421875 0.0625
