5 0.315625 0.07291666666666667 0.0546875 0.08541666666666667
2 0.409375 0.075 0.0375 0.041666666666666664
0 0.6859375 0.14375 0.0125 0.05416666666666667
0 0.596875 0.13958333333333334 0.015625 0.05
2 0.4640625 0.035416666666666666 0.03125 0.03333333333333333
2 0.2515625 0.027083333333333334 0.0390625 0.03125
2 0.971875 0.28958333333333336 0.053125 0.06875
2 0.453125 0.07708333333333334 0.0375 0.05
2 0.49375 0.014583333333333334 0.0265625 0.03125
2 0.3765625 0.09166666666666666 0.0421875 0.05
2 0.725 0.23333333333333334 0.125 0.07916666666666666
2 0.54375 0.15625 0.0578125 0.0625
