2 0.503125 0.03333333333333333 0.03125 0.04583333333333333
2 0.446875 0.022916666666666665 0.0203125 0.027083333333333334
2 0.2515625 0.03125 0.0390625 0.03333333333333333
2 0.4171875 0.0375 0.03125 0.041666666666666664
5 0.471875 0.022916666666666665 0.0390625 0.04583333333333333
2 0.4625 0.07083333333333333 0.034375 0.04583333333333333
6 0.234375 0.10416666666666667 0.1171875 0.14166666666666666
5 0.2 0.125 0.0625 0.125
2 0.41875 0.26666666666666666 0.0765625 0.09791666666666667
2 0.43125 0.05416666666666667 0.03125 0.03333333333333333
2 0.428125 0.09375 0.0453125 0.058333333333333334
2 0.240625 0.17916666666666667 0.0765625 0.07916666666666666
2 0.0859375 0.2604166666666667 0.1375 0.15
2 0.3578125 0.07083333333333333 0.0421875 0.0375
2 0.3390625 0.11041666666666666 0.0546875 0.058333333333333334
