2 0.4859375 0.008333333333333333 0.0203125 0.01875
2 0.553125 0.00625 0.0203125 0.0125
2 0.396875 0.05416666666666667 0.028125 0.0375
0 0.175 0.12291666666666666 0.0125 0.05
6 0.040625 0.21666666666666667 0.0828125 0.22291666666666668
2 0.41875 0.04583333333333333 0.046875 0.06875
2 0.4296875 0.09375 0.046875 0.058333333333333334
2 0.4546875 0.014583333333333334 0.0265625 0.03125
2 0.5078125 0.010416666666666666 0.0234375 0.020833333333333332
2 0.471875 0.029166666666666667 0.03125 0.0375
2 0.2515625 0.029166666666666667 0.0390625 0.03333333333333333
2 0.49375 0.04375 0.034375 0.04583333333333333
2 0.559375 0.058333333333333334 0.0265625 0.0375
2 0.475 0.18958333333333333 0.0609375 0.07708333333333334
2 0.4625 0.07083333333333333 0.0375 0.04583333333333333
2 0.309375 0.09791666666666667 0.053125 0.0625
2 0.2296875 0.14166666666666666 0.0640625 0.0625
2 0.178125 0.5770833333333333 0.2203125 0.3
2 0.325 0.12916666666666668 0.053125 0.05416666666666667
