5 0.425 0.09375 0.0453125 0.058333333333333334
2 0.615625 0.008333333333333333 0.01875 0.01875
2 0.553125 0.058333333333333334 0.0265625 0.0375
2 0.2515625 0.03125 0.0390625 0.03333333333333333
2 0.571875 0.12708333333333333 0.0421875 0.075
2 0.5734375 0.025 0.025 0.03333333333333333
2 0.60625 0.05 0.0265625 0.0375
2 0.2578125 0.5270833333333333 0.1609375 0.2
2 0.06875 0.27708333333333335 0.134375 0.16041666666666668
2 0.5390625 0.08958333333333333 0.03125 0.041666666666666664
2 0.3515625 0.10833333333333334 0.046875 0.05416666666666667
