2 0.509375 0.0125 0.01875 0.020833333333333332
5 0.484375 0.01875 0.034375 0.0375
2 0.2515625 0.03125 0.0390625 0.03333333333333333
6 0.3484375 0.05 0.0765625 0.1
5 0.3296875 0.06041666666666667 0.0421875 0.08541666666666667
2 0.4453125 0.020833333333333332 0.028125 0.0375
2 0.434375 0.04791666666666667 0.034375 0.0375
2 0.378125 0.08125 0.05 0.06875
2 0.4625 0.035416666666666666 0.0265625 0.03333333333333333
2 0.4296875 0.09166666666666666 0.046875 0.058333333333333334
2 0.825 0.25625 0.1328125 0.07708333333333334
2 0.40625 0.21458333333333332 0.0953125 0.06875
2 0.6203125 0.2 0.1015625 0.07708333333333334
2 0.196875 0.17916666666666667 0.115625 0.08541666666666667
2 0.0265625 0.15208333333333332 0.0546875 0.058333333333333334
