5 0.6125 0.027083333333333334 0.028125 0.05
2 0.39375 0.04791666666666667 0.0265625 0.03125
2 0.5109375 0.010416666666666666 0.025 0.020833333333333332
2 0.425 0.029166666666666667 0.034375 0.0375
5 0.459375 0.029166666666666667 0.046875 0.058333333333333334
2 0.8515625 0.26666666666666666 0.134375 0.075
2 0.4921875 0.016666666666666666 0.028125 0.03333333333333333
2 0.2515625 0.03125 0.0390625 0.03333333333333333
2 0.3609375 0.06875 0.0390625 0.04583333333333333
2 0.690625 0.20833333333333334 0.1 0.075
2 0.6296875 0.26666666666666666 0.1140625 0.07916666666666666
2 0.015625 0.13958333333333334 0.03125 0.0625
2 0.3046875 0.2 0.09375 0.06875
2 0.3140625 0.09583333333333334 0.053125 0.05416666666666667
2 0.378125 0.0875 0.0453125 0.05416666666666667
