0 0.203125 0.11041666666666666 0.0171875 0.058333333333333334
5 0.51875 0.025 0.03125 0.04583333333333333
2 0.2515625 0.03125 0.0390625 0.03333333333333333
2 0.4921875 0.016666666666666666 0.025 0.029166666666666667
2 0.621875 0.016666666666666666 0.01875 0.029166666666666667
2 0.490625 0.04583333333333333 0.028125 0.0375
2 0.603125 0.05 0.0234375 0.0375
2 0.40625 0.07083333333333333 0.0390625 0.04583333333333333
2 0.54375 0.08333333333333333 0.034375 0.04583333333333333
2 0.4640625 0.20208333333333334 0.0578125 0.07916666666666666
2 0.4671875 0.06875 0.034375 0.04583333333333333
2 0.4390625 0.09166666666666666 0.0390625 0.05
2 0.2546875 0.16875 0.0765625 0.075
