0 0.1046875 0.08958333333333333 0.0125 0.04583333333333333
6 0.321875 0.06666666666666667 0.1171875 0.13541666666666666
2 0.25 0.027083333333333334 0.034375 0.03125
0 0.2 0.11041666666666666 0.015625 0.058333333333333334
0 0.853125 0.20625 0.0234375 0.07083333333333333
6 0.3984375 0.4479166666666667 0.23125 0.47708333333333336
2 0.4390625 0.09166666666666666 0.0390625 0.05
2 0.60625 0.0375 0.0265625 0.04583333333333333
2 0.46875 0.06875 0.034375 0.04583333333333333
2 0.4890625 0.04583333333333333 0.03125 0.0375
2 0.5609375 0.03958333333333333 0.0265625 0.0375
5 0.2703125 0.0875 0.075 0.11666666666666667
2 0.50625 0.13333333333333333 0.0421875 0.06666666666666667
2 0.3484375 0.11041666666666666 0.05 0.058333333333333334
2 0.0671875 0.2833333333333333 0.1328125 0.13958333333333334
