2 0.046875 0.24583333333333332 0.09375 0.11041666666666666
2 0.315625 0.3958333333333333 0.121875 0.17083333333333334
2 0.4625 0.035416666666666666 0.0265625 0.03333333333333333
2 0.4328125 0.0375 0.03125 0.0375
2 0.4390625 0.08541666666666667 0.0421875 0.05416666666666667
2 0.521875 0.22291666666666668 0.0546875 0.07916666666666666
2 0.50625 0.0125 0.025 0.025
2 0.2828125 0.15625 0.075 0.07083333333333333
2 0.24375 0.13958333333333334 0.06875 0.06666666666666667
2 0.4734375 0.05625 0.0375 0.05
2 0.3515625 0.075 0.05 0.058333333333333334
