2 0.4375 0.08541666666666667 0.0453125 0.05416666666666667
2 0.4734375 0.03125 0.03125 0.0375
2 0.5734375 0.03125 0.025 0.03333333333333333
2 0.3703125 0.59375 0.15625 0.2520833333333333
2 0.521875 0.11458333333333333 0.0375 0.05
2 0.4234375 0.2520833333333333 0.0859375 0.11666666666666667
2 0.4703125 0.05416666666666667 0.0421875 0.05416666666666667
2 0.1 0.26875 0.15 0.125
2 0.56875 0.15625 0.0453125 0.0625
2 0.2515625 0.13333333333333333 0.0640625 0.0625
2 0.321875 0.12916666666666668 0.0578125 0.058333333333333334
2 0.2109375 0.5354166666666667 0.1765625 0.23333333333333334
