5 0.425 0.09375 0.0421875 0.058333333333333334
2 0.0375 0.3416666666666667 0.0765625 0.13958333333333334
2 0.4328125 0.05 0.0390625 0.04583333333333333
2 0.2515625 0.03125 0.0390625 0.03333333333333333
0 0.9671875 0.19375 0.0265625 0.07083333333333333
2 0.4265625 0.45416666666666666 0.1234375 0.20208333333333334
2 0.4421875 0.2125 0.0703125 0.09375
2 0.5 0.0125 0.0234375 0.025
2 0.3125 0.3875 0.1234375 0.15416666666666667
2 0.2109375 0.20208333333333334 0.0921875 0.0875
2 0.1 0.09166666666666666 0.0703125 0.041666666666666664
2 0.55 0.17708333333333334 0.046875 0.0625
2 0.5296875 0.1 0.034375 0.05
2 0.28125 0.11875 0.0625 0.0625
