5 0.41875 0.09791666666666667 0.05 0.0625
2 0.2515625 0.03125 0.0390625 0.03333333333333333
2 0.5078125 0.010416666666666666 0.025 0.022916666666666665
2 0.3984375 0.3020833333333333 0.0859375 0.11666666666666667
2 0.5703125 0.041666666666666664 0.025 0.03333333333333333
2 0.53125 0.09166666666666666 0.03125 0.04583333333333333
2 0.4921875 0.15416666666666667 0.05 0.058333333333333334
2 0.3703125 0.09791666666666667 0.05 0.05
2 0.134375 0.23125 0.1265625 0.13958333333333334
2 0.2375 0.1375 0.0578125 0.058333333333333334
