2 0.4234375 0.09791666666666667 0.046875 0.0625
2 0.2515625 0.03125 0.0390625 0.0375
2 0.4234375 0.06041666666666667 0.03125 0.0375
2 0.45625 0.075 0.0375 0.04583333333333333
2 0.4828125 0.016666666666666666 0.0265625 0.027083333333333334
2 0.459375 0.035416666666666666 0.0265625 0.03125
2 0.5078125 0.03333333333333333 0.0265625 0.03333333333333333
2 0.3546875 0.07708333333333334 0.0421875 0.041666666666666664
2 0.4875 0.05 0.03125 0.0375
2 0.290625 0.11458333333333333 0.05 0.05416666666666667
2 0.5296875 0.016666666666666666 0.03125 0.03333333333333333
2 0.33125 0.11875 0.0609375 0.06875
