1 0.203125 0.11041666666666666 0.0265625 0.05
2 0.49375 0.016666666666666666 0.0265625 0.03333333333333333
2 0.4640625 0.0125 0.0265625 0.025
2 0.4578125 0.041666666666666664 0.03125 0.0375
2 0.2515625 0.03125 0.0390625 0.03333333333333333
2 0.4578125 0.075 0.034375 0.04583333333333333
5 0.621875 0.016666666666666666 0.03125 0.03333333333333333
2 0.4234375 0.09791666666666667 0.0390625 0.05
2 0.4703125 0.18333333333333332 0.0578125 0.075
2 0.2484375 0.13541666666666666 0.0640625 0.0625
6 0.0578125 0.20625 0.1171875 0.2625
2 0.334375 0.3729166666666667 0.109375 0.15625
2 0.5234375 0.10416666666666667 0.034375 0.04583333333333333
2 0.2640625 0.16666666666666666 0.0703125 0.07083333333333333
2 0.3640625 0.10208333333333333 0.046875 0.05
