0 0.0984375 0.08333333333333333 0.015625 0.04583333333333333
0 0.834375 0.22291666666666668 0.0203125 0.07708333333333334
2 0.4234375 0.0625 0.034375 0.04583333333333333
2 0.2515625 0.03125 0.0390625 0.03333333333333333
2 0.490625 0.04583333333333333 0.028125 0.0375
2 0.6 0.020833333333333332 0.01875 0.029166666666666667
2 0.590625 0.08333333333333333 0.03125 0.058333333333333334
5 0.3484375 0.052083333333333336 0.05 0.0875
2 0.4390625 0.09166666666666666 0.0390625 0.05
2 0.4109375 0.26666666666666666 0.0828125 0.11458333333333333
2 0.4671875 0.06875 0.034375 0.04583333333333333
2 0.5328125 0.08541666666666667 0.034375 0.05
2 0.3015625 0.1375 0.0625 0.07083333333333333
2 0.1703125 0.18125 0.0859375 0.08333333333333333
