0 0.49375 0.13333333333333333 0.0125 0.05416666666666667
0 0.6171875 0.1375 0.015625 0.05416666666666667
2 0.2515625 0.03125 0.0390625 0.03333333333333333
0 0.5390625 0.125 0.01875 0.058333333333333334
2 0.36875 0.06458333333333334 0.0390625 0.0375
6 0.803125 0.2 0.23125 0.19791666666666666
2 0.521875 0.19583333333333333 0.0921875 0.06875
2 0.6109375 0.27291666666666664 0.1171875 0.07083333333333333
2 0.30625 0.20625 0.0921875 0.06666666666666667
2 0.315625 0.09166666666666666 0.0625 0.06875
2 0.0265625 0.15 0.0546875 0.058333333333333334
2 0.3640625 0.1 0.046875 0.05416666666666667
