2 0.509375 0.0125 0.01875 0.020833333333333332
2 0.4359375 0.025 0.0265625 0.0375
2 0.434375 0.04791666666666667 0.03125 0.0375
2 0.378125 0.08125 0.053125 0.06875
5 0.4859375 0.01875 0.034375 0.0375
2 0.2515625 0.03125 0.0390625 0.03333333333333333
6 0.3515625 0.05 0.075 0.1
5 0.3296875 0.06041666666666667 0.0421875 0.08541666666666667
2 0.4625 0.03333333333333333 0.0265625 0.03333333333333333
2 0.4296875 0.09375 0.046875 0.058333333333333334
2 0.55625 0.05416666666666667 0.0265625 0.041666666666666664
2 0.5796875 0.14583333333333334 0.0546875 0.0625
2 0.7765625 0.23333333333333334 0.134375 0.1
2 0.575 0.32083333333333336 0.1453125 0.09166666666666666
