2 0.39375 0.05 0.0265625 0.03333333333333333
2 0.425 0.029166666666666667 0.034375 0.0375
5 0.459375 0.029166666666666667 0.046875 0.058333333333333334
2 0.4921875 0.016666666666666666 0.028125 0.03333333333333333
2 0.2515625 0.03125 0.0390625 0.03333333333333333
5 0.8203125 0.20625 0.121875 0.1875
2 0.6046875 0.0625 0.025 0.0375
2 0.5859375 0.15416666666666667 0.0578125 0.0625
2 0.3609375 0.06875 0.0390625 0.041666666666666664
2 0.525 0.40208333333333335 0.18125 0.13958333333333334
5 0.9015625 0.30625 0.153125 0.2520833333333333
2 0.3140625 0.09583333333333334 0.053125 0.05416666666666667
2 0.378125 0.0875 0.0453125 0.05416666666666667
