2 0.3953125 0.05 0.028125 0.03333333333333333
0 0.9171875 0.19583333333333333 0.0265625 0.0625
5 0.459375 0.03125 0.046875 0.0625
2 0.425 0.029166666666666667 0.034375 0.0375
2 0.425 0.06041666666666667 0.034375 0.04583333333333333
2 0.2515625 0.03125 0.0390625 0.03333333333333333
2 0.4921875 0.016666666666666666 0.03125 0.03333333333333333
2 0.3625 0.06875 0.0390625 0.041666666666666664
2 0.846875 0.2604166666666667 0.134375 0.075
2 0.378125 0.0875 0.0453125 0.05416666666666667
2 0.3140625 0.09583333333333334 0.053125 0.05416666666666667
4 0.5109375 0.20208333333333334 0.315625 0.2
