0 0.846875 0.33958333333333335 0.03125 0.08333333333333333
2 0.4375 0.08541666666666667 0.0453125 0.05416666666666667
2 0.45625 0.03958333333333333 0.03125 0.041666666666666664
2 0.475 0.18125 0.0640625 0.09375
2 0.584375 0.014583333333333334 0.0203125 0.029166666666666667
2 0.5859375 0.11666666666666667 0.0375 0.05416666666666667
2 0.4484375 0.4083333333333333 0.1015625 0.15833333333333333
2 0.54375 0.08333333333333333 0.03125 0.04583333333333333
2 0.171875 0.17083333333333334 0.0859375 0.07708333333333334
2 0.4734375 0.05416666666666667 0.0375 0.05416666666666667
2 0.340625 0.3541666666666667 0.1078125 0.1375
2 0.265625 0.16458333333333333 0.075 0.075
