2 0.465625 0.03125 0.03125 0.041666666666666664
2 0.45625 0.07708333333333334 0.0375 0.04583333333333333
1 0.203125 0.1125 0.028125 0.05
2 0.5125 0.008333333333333333 0.0265625 0.01875
2 0.2515625 0.03125 0.0390625 0.03333333333333333
2 0.4234375 0.09791666666666667 0.0390625 0.05416666666666667
2 0.44375 0.020833333333333332 0.0265625 0.03333333333333333
2 0.5578125 0.04791666666666667 0.025 0.03333333333333333
5 0.3703125 0.04375 0.0390625 0.07708333333333334
2 0.3421875 0.3625 0.1078125 0.13958333333333334
2 0.396875 0.07916666666666666 0.0421875 0.05
2 0.5328125 0.09166666666666666 0.034375 0.04583333333333333
5 0.621875 0.016666666666666666 0.0265625 0.03333333333333333
6 0.3875 0.0375 0.0671875 0.07708333333333334
2 0.471875 0.17708333333333334 0.05 0.07708333333333334
2 0.1265625 0.19791666666666666 0.09375 0.0875
2 0.221875 0.19166666666666668 0.0796875 0.08333333333333333
