2 0.51875 0.00625 0.0234375 0.0125
5 0.321875 0.07083333333333333 0.0640625 0.09375
2 0.49375 0.014583333333333334 0.0265625 0.03125
0 0.7328125 0.15416666666666667 0.01875 0.05
2 0.2515625 0.03125 0.0390625 0.03333333333333333
2 0.4640625 0.035416666666666666 0.028125 0.03333333333333333
2 0.43125 0.09375 0.0421875 0.05416666666666667
2 0.5390625 0.09583333333333334 0.03125 0.04583333333333333
2 0.634375 0.19166666666666668 0.0953125 0.07083333333333333
2 0.8765625 0.2708333333333333 0.1296875 0.07708333333333334
2 0.3765625 0.09166666666666666 0.0421875 0.05
