1 0.203125 0.11458333333333333 0.0265625 0.05416666666666667
5 0.4546875 0.075 0.0390625 0.04583333333333333
2 0.0421875 0.2604166666666667 0.0859375 0.11666666666666667
5 0.4234375 0.09791666666666667 0.0390625 0.05416666666666667
5 0.340625 0.05625 0.0421875 0.07708333333333334
2 0.4453125 0.04375 0.034375 0.041666666666666664
2 0.4328125 0.029166666666666667 0.03125 0.0375
2 0.553125 0.058333333333333334 0.028125 0.0375
2 0.2515625 0.03125 0.0390625 0.03333333333333333
2 0.503125 0.0125 0.025 0.025
2 0.571875 0.027083333333333334 0.0203125 0.029166666666666667
2 0.0625 0.29583333333333334 0.121875 0.13541666666666666
6 0.3609375 0.04583333333333333 0.0765625 0.09375
2 0.4375 0.23125 0.0640625 0.09375
5 0.6203125 0.016666666666666666 0.0265625 0.03333333333333333
2 0.509375 0.12291666666666666 0.0390625 0.058333333333333334
2 0.1671875 0.8791666666666667 0.2703125 0.23541666666666666
2 0.3453125 0.11458333333333333 0.0546875 0.058333333333333334
