2 0.253125 0.03125 0.0375 0.03333333333333333
2 0.4390625 0.08333333333333333 0.0421875 0.05416666666666667
2 0.609375 0.010416666666666666 0.01875 0.020833333333333332
2 0.546875 0.20416666666666666 0.053125 0.07708333333333334
2 0.471875 0.05625 0.0390625 0.05
2 0.0578125 0.8416666666666667 0.1171875 0.29375
2 0.484375 0.022916666666666665 0.028125 0.03333333333333333
2 0.559375 0.05416666666666667 0.0265625 0.041666666666666664
2 0.2046875 0.19791666666666666 0.1015625 0.09375
2 0.490625 0.15833333333333333 0.046875 0.06875
2 0.3484375 0.35208333333333336 0.1265625 0.17083333333333334
2 0.3046875 0.10416666666666667 0.0546875 0.05
2 0.3640625 0.10208333333333333 0.05 0.05
