0 0.4125 0.125 0.009375 0.04583333333333333
0 0.5078125 0.13541666666666666 0.0125 0.05416666666666667
5 0.04375 0.33125 0.0875 0.25625
2 0.36875 0.06458333333333334 0.0390625 0.0375
2 0.2515625 0.03125 0.0390625 0.03333333333333333
2 0.396875 0.22708333333333333 0.1140625 0.06875
2 0.5265625 0.19791666666666666 0.09375 0.07083333333333333
4 0.0546875 0.12708333333333333 0.109375 0.14166666666666666
2 0.3640625 0.1 0.05 0.05416666666666667
6 0.8859375 0.21875 0.215625 0.20208333333333334
2 0.3140625 0.08958333333333333 0.0609375 0.06875
