2 0.1 0.7541666666666667 0.2 0.34791666666666665
2 0.4234375 0.09791666666666667 0.046875 0.0625
6 0.4375 0.3625 0.2 0.3958333333333333
2 0.5734375 0.027083333333333334 0.0234375 0.03125
2 0.596875 0.04791666666666667 0.025 0.03333333333333333
2 0.5484375 0.0625 0.028125 0.041666666666666664
2 0.4734375 0.022916666666666665 0.034375 0.04583333333333333
2 0.45625 0.075 0.0375 0.04583333333333333
2 0.53125 0.016666666666666666 0.03125 0.03333333333333333
2 0.0671875 0.28958333333333336 0.1328125 0.13958333333333334
2 0.5078125 0.03333333333333333 0.0265625 0.0375
2 0.4875 0.05 0.03125 0.0375
2 0.3296875 0.125 0.0578125 0.058333333333333334
2 0.503125 0.12916666666666668 0.046875 0.0625
