5 0.4203125 0.09791666666666667 0.046875 0.0625
2 0.35 0.37916666666666665 0.2265625 0.18541666666666667
2 0.2515625 0.03125 0.0390625 0.03333333333333333
2 0.50625 0.010416666666666666 0.0265625 0.022916666666666665
2 0.5078125 0.1625 0.078125 0.06875
2 0.4546875 0.06875 0.0390625 0.04583333333333333
2 0.4609375 0.016666666666666666 0.025 0.029166666666666667
5 0.809375 0.2875 0.1265625 0.24791666666666667
2 0.5578125 0.08333333333333333 0.03125 0.041666666666666664
2 0.328125 0.08958333333333333 0.046875 0.05
