5 0.4234375 0.09791666666666667 0.0390625 0.05416666666666667
1 0.203125 0.11458333333333333 0.0265625 0.05416666666666667
2 0.615625 0.04583333333333333 0.025 0.03125
2 0.2515625 0.03125 0.0390625 0.03333333333333333
5 0.36875 0.04583333333333333 0.0390625 0.07916666666666666
2 0.45625 0.07708333333333334 0.0375 0.04583333333333333
2 0.546875 0.23125 0.053125 0.09375
5 0.6203125 0.014583333333333334 0.0265625 0.03125
2 0.603125 0.07708333333333334 0.028125 0.041666666666666664
6 0.384375 0.041666666666666664 0.0640625 0.08333333333333333
2 0.484375 0.05416666666666667 0.03125 0.0375
2 0.5796875 0.12291666666666666 0.0390625 0.05
