2 0.509375 0.0125 0.01875 0.020833333333333332
2 0.4375 0.025 0.0265625 0.0375
2 0.378125 0.08125 0.05 0.06875
5 0.4859375 0.020833333333333332 0.034375 0.0375
2 0.434375 0.04791666666666667 0.03125 0.0375
6 0.35 0.05 0.071875 0.1
2 0.2515625 0.03125 0.0390625 0.03333333333333333
5 0.3296875 0.0625 0.0421875 0.0875
2 0.5609375 0.10833333333333334 0.034375 0.05
2 0.4625 0.03333333333333333 0.0265625 0.03333333333333333
2 0.5734375 0.029166666666666667 0.025 0.03333333333333333
2 0.4296875 0.09375 0.046875 0.058333333333333334
2 0.69375 0.20416666666666666 0.1171875 0.09375
2 0.3546875 0.3125 0.1484375 0.09166666666666666
