5 0.5765625 0.029166666666666667 0.0390625 0.058333333333333334
2 0.43125 0.0875 0.0421875 0.05416666666666667
2 0.5609375 0.07708333333333334 0.0265625 0.04583333333333333
2 0.4484375 0.01875 0.03125 0.0375
2 0.021875 0.35208333333333336 0.0453125 0.12708333333333333
2 0.484375 0.15833333333333333 0.06875 0.11041666666666666
2 0.096875 0.71875 0.1953125 0.5583333333333333
2 0.471875 0.029166666666666667 0.0265625 0.029166666666666667
2 0.39375 0.05416666666666667 0.034375 0.0375
2 0.30625 0.13958333333333334 0.0640625 0.06666666666666667
2 0.4640625 0.0625 0.0390625 0.04583333333333333
6 0.128125 0.15416666666666667 0.16875 0.1875
6 0.2390625 0.1 0.1296875 0.15
5 0.078125 0.18333333333333332 0.078125 0.15208333333333332
2 0.346875 0.07708333333333334 0.05 0.05416666666666667
