5 0.3953125 0.03125 0.0421875 0.0625
0 0.2015625 0.1125 0.0203125 0.05416666666666667
0 0.8328125 0.24583333333333332 0.01875 0.07708333333333334
2 0.4890625 0.04583333333333333 0.03125 0.0375
2 0.2515625 0.03125 0.0390625 0.03333333333333333
2 0.465625 0.03333333333333333 0.028125 0.03333333333333333
2 0.115625 0.6958333333333333 0.228125 0.33958333333333335
2 0.59375 0.058333333333333334 0.025 0.0375
2 0.390625 0.07916666666666666 0.0421875 0.05416666666666667
2 0.46875 0.06875 0.034375 0.04583333333333333
2 0.559375 0.15416666666666667 0.05 0.08541666666666667
2 0.4390625 0.09375 0.0390625 0.05
2 0.475 0.16666666666666666 0.0546875 0.07708333333333334
2 0.2078125 0.2 0.084375 0.08541666666666667
2 0.290625 0.11666666666666667 0.0546875 0.058333333333333334
