4 0.8828125 0.68125 0.23125 0.46875
0 0.471875 0.12083333333333333 0.0125 0.04583333333333333
2 0.5234375 0.19791666666666666 0.09375 0.06875
2 0.36875 0.06458333333333334 0.0390625 0.0375
2 0.2515625 0.03125 0.0390625 0.03333333333333333
6 0.8046875 0.2 0.228125 0.19791666666666666
2 0.878125 0.3145833333333333 0.134375 0.09166666666666666
2 0.3140625 0.08958333333333333 0.0609375 0.06875
2 0.4578125 0.23333333333333334 0.1234375 0.07708333333333334
2 0.3640625 0.1 0.046875 0.05416666666666667
