5 0.4234375 0.09791666666666667 0.0390625 0.05416666666666667
2 0.403125 0.07083333333333333 0.0421875 0.05416666666666667
2 0.5859375 0.008333333333333333 0.01875 0.01875
1 0.2046875 0.11458333333333333 0.028125 0.05416666666666667
2 0.54375 0.008333333333333333 0.0234375 0.01875
2 0.45625 0.07708333333333334 0.0375 0.04583333333333333
2 0.2515625 0.03125 0.0390625 0.03333333333333333
2 0.5734375 0.029166666666666667 0.025 0.03333333333333333
2 0.540625 0.075 0.03125 0.04583333333333333
5 0.290625 0.08333333333333333 0.046875 0.09791666666666667
2 0.484375 0.025 0.03125 0.03333333333333333
2 0.4546875 0.016666666666666666 0.0265625 0.03333333333333333
2 0.4984375 0.14166666666666666 0.0421875 0.06666666666666667
5 0.621875 0.014583333333333334 0.0265625 0.03125
2 0.440625 0.4083333333333333 0.09375 0.13958333333333334
2 0.23125 0.18333333333333332 0.0875 0.08541666666666667
6 0.315625 0.06875 0.090625 0.11666666666666667
