2 0.4953125 0.016666666666666666 0.0234375 0.029166666666666667
2 0.4265625 0.0625 0.0375 0.04583333333333333
5 0.3203125 0.06875 0.0421875 0.09166666666666666
2 0.3421875 0.10625 0.0609375 0.07083333333333333
6 0.34375 0.05625 0.078125 0.10833333333333334
2 0.509375 0.010416666666666666 0.0203125 0.020833333333333332
2 0.4703125 0.03333333333333333 0.0265625 0.03333333333333333
2 0.55625 0.058333333333333334 0.0265625 0.03333333333333333
2 0.440625 0.027083333333333334 0.03125 0.041666666666666664
2 0.4640625 0.0625 0.0390625 0.05
2 0.578125 0.01875 0.0234375 0.03125
2 0.3828125 0.5416666666666666 0.153125 0.25
2 0.16875 0.17083333333333334 0.09375 0.09791666666666667
2 0.2671875 0.15625 0.078125 0.08333333333333333
4 0.46875 0.15416666666666667 0.215625 0.18541666666666667
