5 0.390625 0.041666666666666664 0.03125 0.058333333333333334
2 0.4234375 0.09791666666666667 0.0390625 0.05416666666666667
5 0.621875 0.014583333333333334 0.0265625 0.03125
2 0.45625 0.07708333333333334 0.034375 0.04583333333333333
2 0.2515625 0.03125 0.0390625 0.03333333333333333
2 0.5703125 0.14583333333333334 0.0421875 0.058333333333333334
2 0.6125 0.052083333333333336 0.025 0.03333333333333333
6 0.403125 0.035416666666666666 0.0609375 0.07083333333333333
2 0.6 0.0875 0.03125 0.041666666666666664
2 0.521875 0.29375 0.0671875 0.12291666666666666
2 0.484375 0.05416666666666667 0.03125 0.0375
