0 0.16875 0.12083333333333333 0.0171875 0.04583333333333333
2 0.434375 0.05 0.0390625 0.03333333333333333
4 0.359375 0.03958333333333333 0.103125 0.07916666666666666
2 0.43125 0.23958333333333334 0.0703125 0.0875
2 0.509375 0.010416666666666666 0.0203125 0.020833333333333332
2 0.56875 0.03125 0.0234375 0.03125
2 0.521875 0.11041666666666666 0.034375 0.05
2 0.4640625 0.0625 0.0390625 0.04583333333333333
2 0.1296875 0.6833333333333333 0.24375 0.3416666666666667
2 0.43125 0.0875 0.0421875 0.05416666666666667
