5 0.3921875 0.06875 0.0625 0.08333333333333333
2 0.5125 0.010416666666666666 0.0265625 0.020833333333333332
6 0.3515625 0.052083333333333336 0.0875 0.1
5 0.4796875 0.020833333333333332 0.046875 0.041666666666666664
5 0.328125 0.06666666666666667 0.046875 0.0875
2 0.0984375 0.7854166666666667 0.196875 0.34791666666666665
2 0.55625 0.06458333333333334 0.0265625 0.0375
2 0.509375 0.18958333333333333 0.0421875 0.0625
2 0.2875 0.14791666666666667 0.0703125 0.06875
2 0.1421875 0.19583333333333333 0.0703125 0.075
