0 0.1015625 0.08541666666666667 0.0125 0.04583333333333333
0 0.2 0.11041666666666666 0.01875 0.058333333333333334
6 0.3671875 0.052083333333333336 0.109375 0.10625
0 0.8375 0.21041666666666667 0.0203125 0.06875
2 0.603125 0.010416666666666666 0.01875 0.020833333333333332
2 0.490625 0.04791666666666667 0.028125 0.03333333333333333
2 0.5984375 0.06041666666666667 0.028125 0.05
5 0.4828125 0.01875 0.0390625 0.0375
2 0.55 0.06041666666666667 0.03125 0.04583333333333333
2 0.2515625 0.03125 0.0390625 0.03333333333333333
2 0.3921875 0.08333333333333333 0.0421875 0.05
2 0.46875 0.06875 0.0375 0.04583333333333333
5 0.31875 0.0625 0.0640625 0.10833333333333334
2 0.4390625 0.09166666666666666 0.0390625 0.05
2 0.4640625 0.18958333333333333 0.0578125 0.08541666666666667
2 0.225 0.18541666666666667 0.0828125 0.0875
2 0.084375 0.22916666666666666 0.109375 0.1
