2 0.2515625 0.03125 0.0390625 0.03333333333333333
2 0.4421875 0.04583333333333333 0.03125 0.03333333333333333
6 0.5625 0.03958333333333333 0.05 0.07916666666666666
2 0.459375 0.016666666666666666 0.01875 0.029166666666666667
2 0.4390625 0.08541666666666667 0.0421875 0.05416666666666667
2 0.4875 0.016666666666666666 0.0265625 0.03125
2 0.434375 0.029166666666666667 0.034375 0.04583333333333333
2 0.375 0.0625 0.034375 0.041666666666666664
2 0.5046875 0.0125 0.0234375 0.025
2 0.4078125 0.07083333333333333 0.0390625 0.05
2 0.4703125 0.05416666666666667 0.0390625 0.05416666666666667
2 0.546875 0.1125 0.034375 0.04583333333333333
2 0.1359375 0.24166666666666667 0.1296875 0.07708333333333334
2 0.325 0.09166666666666666 0.046875 0.05
