2 0.453125 0.01875 0.03125 0.0375
2 0.559375 0.07916666666666666 0.0265625 0.05
2 0.475 0.17291666666666666 0.0703125 0.11666666666666667
2 0.0796875 0.73125 0.1609375 0.5333333333333333
2 0.3984375 0.052083333333333336 0.034375 0.03333333333333333
2 0.040625 0.3375 0.0828125 0.14583333333333334
6 0.25 0.09375 0.125 0.14583333333333334
2 0.43125 0.0875 0.0421875 0.05416666666666667
2 0.4640625 0.06458333333333334 0.0421875 0.04583333333333333
2 0.475 0.025 0.0265625 0.03125
5 0.090625 0.17916666666666667 0.0765625 0.14375
2 0.3203125 0.13125 0.0625 0.0625
6 0.1453125 0.14583333333333334 0.165625 0.18541666666666667
2 0.35 0.075 0.046875 0.05416666666666667
