2 0.4703125 0.029166666666666667 0.028125 0.03125
0 0.0921875 0.11875 0.0203125 0.0625
2 0.253125 0.03125 0.0375 0.03333333333333333
2 0.459375 0.016666666666666666 0.01875 0.029166666666666667
2 0.4390625 0.08333333333333333 0.0421875 0.05416666666666667
2 0.4453125 0.04583333333333333 0.03125 0.03333333333333333
2 0.4890625 0.016666666666666666 0.025 0.03125
2 0.434375 0.029166666666666667 0.034375 0.04583333333333333
2 0.3765625 0.0625 0.0375 0.041666666666666664
6 0.565625 0.035416666666666666 0.05 0.07083333333333333
2 0.5046875 0.0125 0.0234375 0.025
2 0.4078125 0.07083333333333333 0.0421875 0.05
2 0.4703125 0.05416666666666667 0.0390625 0.05416666666666667
2 0.54375 0.1 0.028125 0.04583333333333333
2 0.1984375 0.2375 0.1265625 0.07916666666666666
2 0.325 0.09166666666666666 0.046875 0.05
