2 0.5890625 0.010416666666666666 0.01875 0.020833333333333332
2 0.1484375 0.6354166666666666 0.2234375 0.2791666666666667
5 0.4203125 0.09791666666666667 0.046875 0.0625
2 0.0703125 0.22083333333333333 0.09375 0.09375
2 0.2515625 0.03125 0.0390625 0.03333333333333333
2 0.45 0.075 0.0375 0.04583333333333333
2 0.396875 0.30416666666666664 0.0984375 0.13333333333333333
2 0.5015625 0.15416666666666667 0.046875 0.06666666666666667
2 0.5625 0.041666666666666664 0.025 0.03333333333333333
5 0.36875 0.058333333333333334 0.0578125 0.06666666666666667
2 0.5421875 0.07916666666666666 0.034375 0.041666666666666664
2 0.46875 0.03333333333333333 0.03125 0.03333333333333333
2 0.284375 0.15 0.0703125 0.06875
