2 0.5796875 0.01875 0.0203125 0.03125
2 0.45625 0.075 0.0375 0.04583333333333333
2 0.6 0.035416666666666666 0.025 0.03333333333333333
2 0.221875 0.5208333333333334 0.1578125 0.21458333333333332
2 0.4578125 0.029166666666666667 0.0390625 0.05416666666666667
2 0.55625 0.05416666666666667 0.0265625 0.041666666666666664
2 0.5078125 0.03333333333333333 0.0265625 0.0375
2 0.53125 0.016666666666666666 0.03125 0.03333333333333333
2 0.4875 0.05 0.03125 0.0375
2 0.2921875 0.15208333333333332 0.0703125 0.0625
2 0.5171875 0.10416666666666667 0.0390625 0.05
