0 0.2046875 0.11041666666666666 0.01875 0.058333333333333334
2 0.490625 0.04583333333333333 0.028125 0.0375
2 0.2515625 0.03125 0.0390625 0.03333333333333333
2 0.48125 0.01875 0.0265625 0.03125
2 0.5765625 0.11666666666666667 0.034375 0.05
2 0.0796875 0.825 0.1609375 0.33958333333333335
2 0.603125 0.058333333333333334 0.0265625 0.041666666666666664
2 0.4671875 0.06875 0.034375 0.04583333333333333
2 0.45625 0.22083333333333333 0.06875 0.0875
2 0.3953125 0.07708333333333334 0.0421875 0.04583333333333333
2 0.4390625 0.09166666666666666 0.0390625 0.05
5 0.5953125 0.01875 0.028125 0.0375
2 0.109375 0.23541666666666666 0.1296875 0.1375
