5 0.4203125 0.09791666666666667 0.046875 0.0625
2 0.45 0.075 0.034375 0.04583333333333333
2 0.2515625 0.03125 0.0390625 0.03333333333333333
5 0.3640625 0.06041666666666667 0.0625 0.06875
2 0.2421875 0.5 0.1609375 0.21458333333333332
2 0.4265625 0.2604166666666667 0.084375 0.11666666666666667
2 0.56875 0.03333333333333333 0.025 0.03125
2 0.4578125 0.03958333333333333 0.03125 0.03333333333333333
2 0.5484375 0.06875 0.028125 0.0375
2 0.5140625 0.13541666666666666 0.0421875 0.058333333333333334
2 0.2609375 0.1625 0.0765625 0.07708333333333334
