2 0.3921875 0.04791666666666667 0.0265625 0.03125
5 0.459375 0.029166666666666667 0.046875 0.058333333333333334
2 0.425 0.029166666666666667 0.034375 0.0375
2 0.2515625 0.03125 0.0390625 0.03333333333333333
2 0.4921875 0.016666666666666666 0.028125 0.03333333333333333
2 0.625 0.17083333333333334 0.075 0.06875
2 0.3609375 0.06875 0.0390625 0.041666666666666664
2 0.346875 0.20833333333333334 0.109375 0.08541666666666667
2 0.7875 0.25 0.1265625 0.075
2 0.3140625 0.09583333333333334 0.053125 0.05416666666666667
2 0.378125 0.0875 0.0453125 0.05416666666666667
