2 0.6125 0.010416666666666666 0.01875 0.022916666666666665
2 0.371875 0.06041666666666667 0.0390625 0.041666666666666664
5 0.415625 0.10208333333333333 0.05 0.0625
2 0.3765625 0.0875 0.05 0.06666666666666667
2 0.440625 0.041666666666666664 0.0375 0.041666666666666664
2 0.453125 0.075 0.034375 0.04583333333333333
2 0.4609375 0.016666666666666666 0.025 0.027083333333333334
6 0.578125 0.09791666666666667 0.1328125 0.19791666666666666
2 0.4859375 0.01875 0.0265625 0.03333333333333333
2 0.3265625 0.09166666666666666 0.05 0.05
