2 0.246875 0.027083333333333334 0.0265625 0.025
2 0.4453125 0.04583333333333333 0.0265625 0.03333333333333333
2 0.4578125 0.014583333333333334 0.028125 0.03125
5 0.571875 0.0375 0.0453125 0.07708333333333334
6 0.2671875 0.08333333333333333 0.1234375 0.13958333333333334
2 0.5578125 0.09375 0.03125 0.04583333333333333
2 0.4078125 0.04583333333333333 0.03125 0.03333333333333333
2 0.446875 0.20625 0.0859375 0.13958333333333334
2 0.1015625 0.2791666666666667 0.1453125 0.125
2 0.359375 0.06666666666666667 0.0453125 0.04583333333333333
2 0.465625 0.0625 0.0390625 0.04583333333333333
2 0.48125 0.020833333333333332 0.0265625 0.03125
5 0.1296875 0.1625 0.06875 0.13958333333333334
2 0.43125 0.0875 0.0421875 0.05416666666666667
2 0.34375 0.11458333333333333 0.0578125 0.058333333333333334
6 0.178125 0.13125 0.15 0.18125
