0 0.1109375 0.10833333333333334 0.0125 0.05
0 0.203125 0.11041666666666666 0.0171875 0.058333333333333334
2 0.5171875 0.022916666666666665 0.03125 0.04583333333333333
5 0.5953125 0.014583333333333334 0.0265625 0.03125
2 0.490625 0.04583333333333333 0.028125 0.041666666666666664
2 0.584375 0.09791666666666667 0.03125 0.04583333333333333
2 0.2515625 0.03125 0.0390625 0.03333333333333333
2 0.046875 0.29583333333333334 0.09375 0.16875
2 0.4859375 0.16875 0.0546875 0.06875
2 0.4671875 0.06875 0.034375 0.04583333333333333
2 0.46875 0.03125 0.028125 0.03333333333333333
2 0.6078125 0.04583333333333333 0.0234375 0.0375
2 0.4390625 0.09166666666666666 0.0390625 0.05
2 0.2328125 0.53125 0.1765625 0.23541666666666666
2 0.371875 0.09375 0.046875 0.05
