0 0.0921875 0.08125 0.015625 0.04583333333333333
2 0.371875 0.09375 0.046875 0.058333333333333334
0 0.2 0.11041666666666666 0.01875 0.05416666666666667
2 0.2515625 0.03125 0.0390625 0.03333333333333333
5 0.38125 0.0375 0.0390625 0.075
0 0.83125 0.23541666666666666 0.0234375 0.07708333333333334
2 0.4546875 0.041666666666666664 0.028125 0.041666666666666664
2 0.490625 0.04583333333333333 0.028125 0.0375
6 0.403125 0.03333333333333333 0.0828125 0.06875
2 0.56875 0.12708333333333333 0.0421875 0.07708333333333334
2 0.46875 0.06875 0.0375 0.04583333333333333
2 0.5953125 0.04375 0.0203125 0.03333333333333333
2 0.496875 0.1375 0.046875 0.06666666666666667
2 0.4390625 0.09375 0.0390625 0.05
2 0.134375 0.24791666666666667 0.10625 0.10833333333333334
2 0.2453125 0.49583333333333335 0.1609375 0.21875
2 0.2609375 0.13333333333333333 0.0625 0.0625
