2 0.2515625 0.03125 0.0390625 0.03333333333333333
2 0.36875 0.06875 0.0390625 0.041666666666666664
2 0.4234375 0.09791666666666667 0.046875 0.058333333333333334
2 0.4546875 0.075 0.0375 0.04583333333333333
2 0.428125 0.05416666666666667 0.03125 0.041666666666666664
2 0.4625 0.0375 0.03125 0.03333333333333333
2 0.484375 0.020833333333333332 0.025 0.029166666666666667
2 0.5078125 0.03333333333333333 0.0265625 0.03333333333333333
2 0.4875 0.05 0.03125 0.0375
2 0.53125 0.016666666666666666 0.03125 0.03333333333333333
2 0.3625 0.1 0.05 0.058333333333333334
2 0.3171875 0.1 0.0453125 0.05
