6 0.3765625 0.03958333333333333 0.0640625 0.07916666666666666
5 0.478125 0.020833333333333332 0.0453125 0.041666666666666664
4 0.56875 0.04583333333333333 0.046875 0.09375
2 0.93125 0.9208333333333333 0.134375 0.15208333333333332
5 0.3609375 0.04375 0.0421875 0.07708333333333334
5 0.4546875 0.0375 0.0390625 0.05416666666666667
2 0.525 0.125 0.0390625 0.05416666666666667
2 0.2671875 0.12708333333333333 0.046875 0.05416666666666667
2 0.371875 0.09791666666666667 0.053125 0.05
2 0.3078125 0.6354166666666666 0.1484375 0.24583333333333332
