5 0.4234375 0.09791666666666667 0.0390625 0.05416666666666667
2 0.5921875 0.010416666666666666 0.01875 0.022916666666666665
2 0.4546875 0.07708333333333334 0.0390625 0.05
2 0.2515625 0.03125 0.0390625 0.03333333333333333
2 0.4203125 0.5041666666666667 0.1234375 0.20208333333333334
2 0.5953125 0.09791666666666667 0.03125 0.04583333333333333
2 0.565625 0.04375 0.0265625 0.03333333333333333
2 0.4875 0.052083333333333336 0.03125 0.0375
5 0.621875 0.014583333333333334 0.0265625 0.03125
2 0.534375 0.22708333333333333 0.0609375 0.07916666666666666
