2 0.5140625 0.025 0.0265625 0.041666666666666664
6 0.33125 0.05625 0.084375 0.11041666666666666
2 0.425 0.05416666666666667 0.0375 0.04583333333333333
2 0.2515625 0.03125 0.0390625 0.03333333333333333
2 0.4375 0.027083333333333334 0.028125 0.0375
2 0.4640625 0.07083333333333333 0.0375 0.041666666666666664
2 0.4625 0.03333333333333333 0.0265625 0.03333333333333333
2 0.4296875 0.09375 0.046875 0.058333333333333334
2 0.325 0.11666666666666667 0.0625 0.07916666666666666
2 0.3828125 0.0875 0.05 0.05416666666666667
