0 0.5203125 0.13541666666666666 0.0125 0.05416666666666667
0 0.5921875 0.14375 0.015625 0.05
0 0.6484375 0.14166666666666666 0.0125 0.05416666666666667
0 0.5640625 0.12708333333333333 0.0171875 0.05416666666666667
2 0.36875 0.06458333333333334 0.0390625 0.0375
2 0.2515625 0.03125 0.0390625 0.03333333333333333
6 0.803125 0.2 0.23125 0.19791666666666666
2 0.409375 0.23333333333333334 0.10625 0.06666666666666667
2 0.51875 0.19166666666666668 0.0859375 0.07708333333333334
2 0.3640625 0.09791666666666667 0.046875 0.05416666666666667
2 0.153125 0.18333333333333332 0.084375 0.058333333333333334
2 0.3140625 0.08958333333333333 0.0609375 0.06875
