2 0.4375 0.022916666666666665 0.0265625 0.03333333333333333
2 0.590625 0.008333333333333333 0.01875 0.01875
5 0.484375 0.020833333333333332 0.0375 0.0375
2 0.50625 0.0125 0.0203125 0.020833333333333332
0 0.934375 0.19583333333333333 0.0265625 0.0625
2 0.378125 0.08125 0.05 0.06875
2 0.2515625 0.03125 0.0390625 0.03333333333333333
2 0.5625 0.06458333333333334 0.025 0.0375
2 0.4375 0.04583333333333333 0.03125 0.0375
6 0.3484375 0.052083333333333336 0.075 0.1
5 0.3296875 0.0625 0.0421875 0.08541666666666667
2 0.0453125 0.36666666666666664 0.090625 0.11875
2 0.4625 0.035416666666666666 0.0265625 0.03333333333333333
2 0.4296875 0.09375 0.046875 0.058333333333333334
2 0.6125 0.15625 0.071875 0.0875
