5 0.5171875 0.025 0.03125 0.04583333333333333
6 0.3671875 0.05 0.090625 0.1
0 0.2015625 0.11041666666666666 0.01875 0.05416666666666667
0 0.1 0.08541666666666667 0.0125 0.04583333333333333
2 0.4015625 0.075 0.0421875 0.05
5 0.4859375 0.01875 0.034375 0.0375
0 0.8390625 0.21458333333333332 0.01875 0.07708333333333334
2 0.2515625 0.03125 0.0390625 0.03333333333333333
2 0.490625 0.04583333333333333 0.0265625 0.0375
2 0.596875 0.06666666666666667 0.028125 0.05
2 0.6015625 0.0125 0.01875 0.025
5 0.3296875 0.06041666666666667 0.0546875 0.09375
2 0.45 0.21458333333333332 0.0671875 0.09375
2 0.46875 0.06875 0.0375 0.04583333333333333
2 0.54375 0.06875 0.03125 0.04583333333333333
2 0.4390625 0.09166666666666666 0.0390625 0.05
2 0.2546875 0.16666666666666666 0.075 0.08333333333333333
2 0.1171875 0.20833333333333334 0.0984375 0.09166666666666666
