5 0.378125 0.08125 0.053125 0.06875
2 0.2515625 0.03125 0.0390625 0.03333333333333333
2 0.509375 0.0125 0.01875 0.020833333333333332
2 0.434375 0.04791666666666667 0.03125 0.0375
2 0.4171875 0.07083333333333333 0.034375 0.04583333333333333
6 0.3484375 0.04791666666666667 0.0765625 0.09791666666666667
5 0.33125 0.0625 0.0453125 0.0875
2 0.45625 0.016666666666666666 0.028125 0.03333333333333333
2 0.8921875 0.7395833333333334 0.2078125 0.25625
5 0.484375 0.01875 0.0375 0.0375
2 0.6578125 0.21666666666666667 0.109375 0.07708333333333334
2 0.3578125 0.20625 0.1296875 0.09375
2 0.4625 0.035416666666666666 0.0265625 0.03333333333333333
2 0.875 0.2708333333333333 0.1375 0.07916666666666666
2 0.140625 0.17708333333333334 0.0828125 0.0625
2 0.59375 0.2520833333333333 0.109375 0.07708333333333334
