2 0.4421875 0.04791666666666667 0.034375 0.03333333333333333
5 0.3484375 0.06875 0.0625 0.07083333333333333
2 0.4625 0.21041666666666667 0.06875 0.0875
2 0.2515625 0.03125 0.0390625 0.03333333333333333
2 0.5109375 0.010416666666666666 0.0234375 0.022916666666666665
2 0.45 0.075 0.034375 0.05
2 0.53125 0.11041666666666666 0.0375 0.05
2 0.3390625 0.37083333333333335 0.1109375 0.15
2 0.5734375 0.022916666666666665 0.0234375 0.03125
2 0.55625 0.05416666666666667 0.0265625 0.0375
2 0.2203125 0.18958333333333333 0.090625 0.08541666666666667
