5 0.421875 0.09791666666666667 0.05 0.0625
2 0.4484375 0.075 0.0390625 0.05
5 0.58125 0.020833333333333332 0.034375 0.041666666666666664
2 0.2515625 0.03125 0.0390625 0.03333333333333333
2 0.534375 0.014583333333333334 0.025 0.029166666666666667
2 0.615625 0.04791666666666667 0.025 0.03333333333333333
2 0.096875 0.78125 0.1953125 0.3958333333333333
2 0.5375 0.20625 0.0546875 0.07916666666666666
2 0.478125 0.16666666666666666 0.0625 0.09375
2 0.4796875 0.05416666666666667 0.034375 0.041666666666666664
2 0.5390625 0.08541666666666667 0.034375 0.041666666666666664
