2 0.0421875 0.32916666666666666 0.084375 0.15625
2 0.296875 0.15208333333333332 0.06875 0.0625
2 0.409375 0.07083333333333333 0.0421875 0.04583333333333333
2 0.45625 0.075 0.0375 0.04583333333333333
2 0.4234375 0.09791666666666667 0.046875 0.058333333333333334
2 0.5078125 0.03333333333333333 0.0265625 0.0375
2 0.528125 0.22291666666666668 0.0578125 0.08333333333333333
5 0.1359375 0.1375 0.0984375 0.17291666666666666
2 0.378125 0.3125 0.09375 0.125
2 0.465625 0.035416666666666666 0.028125 0.03333333333333333
2 0.4875 0.15416666666666667 0.046875 0.0625
2 0.5234375 0.10416666666666667 0.034375 0.05
2 0.59375 0.07291666666666667 0.0265625 0.0375
2 0.53125 0.016666666666666666 0.03125 0.03333333333333333
2 0.4875 0.05 0.03125 0.0375
6 0.221875 0.11041666666666666 0.2078125 0.20416666666666666
