0 0.7421875 0.1625 0.01875 0.0625
2 0.4625 0.03125 0.03125 0.041666666666666664
2 0.2515625 0.03125 0.0390625 0.03333333333333333
2 0.4390625 0.08333333333333333 0.0421875 0.05416666666666667
2 0.578125 0.01875 0.025 0.0375
2 0.4796875 0.010416666666666666 0.0265625 0.020833333333333332
2 0.421875 0.25833333333333336 0.078125 0.1
2 0.1671875 0.6 0.2390625 0.2833333333333333
2 0.55625 0.04583333333333333 0.0265625 0.04583333333333333
2 0.053125 0.4395833333333333 0.1078125 0.175
2 0.4734375 0.05416666666666667 0.0375 0.05416666666666667
2 0.50625 0.13333333333333333 0.0390625 0.05416666666666667
