2 0.421875 0.09791666666666667 0.046875 0.0625
2 0.4140625 0.05625 0.05 0.06875
2 0.55 0.05416666666666667 0.03125 0.03333333333333333
2 0.60625 0.0125 0.0203125 0.027083333333333334
2 0.1234375 0.25833333333333336 0.1265625 0.10833333333333334
2 0.45625 0.075 0.0375 0.05
2 0.409375 0.2604166666666667 0.075 0.1
2 0.5703125 0.029166666666666667 0.025 0.03333333333333333
5 0.5375 0.1625 0.0953125 0.1875
2 0.5078125 0.03333333333333333 0.0265625 0.0375
2 0.4875 0.05 0.03125 0.0375
2 0.53125 0.016666666666666666 0.03125 0.03333333333333333
