0 0.7765625 0.22708333333333333 0.0171875 0.0625
5 0.371875 0.07708333333333334 0.0578125 0.0875
2 0.3734375 0.07708333333333334 0.0546875 0.0875
0 0.8 0.22916666666666666 0.015625 0.06666666666666667
2 0.2515625 0.03125 0.0390625 0.03333333333333333
2 0.6234375 0.0125 0.01875 0.025
2 0.5109375 0.010416666666666666 0.025 0.020833333333333332
2 0.6125 0.041666666666666664 0.0234375 0.0375
2 0.5 0.15208333333333332 0.053125 0.0625
2 0.025 0.09375 0.05 0.041666666666666664
2 0.4265625 0.2520833333333333 0.06875 0.09375
2 0.134375 0.24791666666666667 0.109375 0.10833333333333334
2 0.159375 0.6208333333333333 0.2390625 0.3
