2 0.4484375 0.041666666666666664 0.0421875 0.05416666666666667
6 0.3546875 0.04583333333333333 0.078125 0.09375
5 0.396875 0.06458333333333334 0.0609375 0.0875
4 0.58125 0.025 0.0375 0.05
2 0.515625 0.010416666666666666 0.025 0.020833333333333332
5 0.4796875 0.020833333333333332 0.046875 0.041666666666666664
5 0.334375 0.06041666666666667 0.046875 0.09375
2 0.503125 0.20833333333333334 0.046875 0.07083333333333333
2 0.55625 0.06875 0.028125 0.041666666666666664
2 0.1625 0.18333333333333332 0.0640625 0.07083333333333333
2 0.06875 0.8458333333333333 0.1375 0.3020833333333333
2 0.303125 0.14166666666666666 0.0640625 0.0625
