5 0.4796875 0.020833333333333332 0.0390625 0.041666666666666664
2 0.3796875 0.07291666666666667 0.0625 0.08541666666666667
2 0.4375 0.04583333333333333 0.034375 0.041666666666666664
2 0.346875 0.041666666666666664 0.06875 0.075
2 0.41875 0.09791666666666667 0.0453125 0.0625
2 0.490625 0.04583333333333333 0.03125 0.0375
2 0.5640625 0.03958333333333333 0.0265625 0.0375
6 0.103125 0.24375 0.1875 0.21666666666666667
2 0.1171875 0.6916666666666667 0.23125 0.3229166666666667
2 0.3875 0.29791666666666666 0.09375 0.125
2 0.578125 0.12291666666666666 0.034375 0.05
2 0.5359375 0.21666666666666667 0.0546875 0.07708333333333334
2 0.4609375 0.06875 0.034375 0.041666666666666664
2 0.5140625 0.11041666666666666 0.0390625 0.05416666666666667
2 0.303125 0.7 0.1796875 0.3020833333333333
