2 0.4203125 0.0625 0.03125 0.0375
2 0.503125 0.0375 0.03125 0.04583333333333333
2 0.1015625 0.7979166666666667 0.2046875 0.39375
2 0.4296875 0.09375 0.046875 0.058333333333333334
2 0.403125 0.04583333333333333 0.0375 0.04583333333333333
2 0.0359375 0.32083333333333336 0.071875 0.175
2 0.4625 0.07083333333333333 0.034375 0.04583333333333333
2 0.2515625 0.03125 0.0390625 0.03333333333333333
2 0.4640625 0.2 0.0578125 0.07708333333333334
6 0.203125 0.11666666666666667 0.134375 0.15208333333333332
2 0.340625 0.08125 0.0453125 0.04583333333333333
5 0.1625 0.14166666666666666 0.0640625 0.13333333333333333
2 0.1890625 0.21458333333333332 0.0875 0.09166666666666666
2 0.30625 0.13333333333333333 0.0625 0.06666666666666667
