6 0.58125 0.020833333333333332 0.0375 0.041666666666666664
0 0.103125 0.0875 0.0125 0.04583333333333333
2 0.4703125 0.029166666666666667 0.028125 0.03125
2 0.2515625 0.03125 0.0390625 0.0375
2 0.459375 0.014583333333333334 0.01875 0.027083333333333334
2 0.44375 0.04583333333333333 0.03125 0.03333333333333333
2 0.4890625 0.016666666666666666 0.025 0.03125
2 0.434375 0.029166666666666667 0.034375 0.04583333333333333
2 0.4390625 0.08333333333333333 0.0421875 0.05416666666666667
2 0.375 0.0625 0.034375 0.041666666666666664
2 0.4703125 0.05416666666666667 0.0390625 0.05416666666666667
2 0.43125 0.1875 0.0921875 0.07083333333333333
2 0.5046875 0.010416666666666666 0.0234375 0.022916666666666665
2 0.55625 0.05416666666666667 0.0265625 0.0375
2 0.4078125 0.07083333333333333 0.0421875 0.05
2 0.19375 0.23958333333333334 0.1375 0.08333333333333333
2 0.3234375 0.09166666666666666 0.046875 0.05
