0 0.828125 0.25416666666666665 0.01875 0.07916666666666666
0 0.1875 0.11041666666666666 0.01875 0.05
5 0.484375 0.010416666666666666 0.0375 0.022916666666666665
2 0.2515625 0.03125 0.0390625 0.03333333333333333
2 0.4375 0.08333333333333333 0.0453125 0.05416666666666667
2 0.584375 0.0125 0.0203125 0.025
2 0.109375 0.32916666666666666 0.0859375 0.125
2 0.015625 0.14375 0.03125 0.07083333333333333
2 0.5640625 0.041666666666666664 0.0265625 0.03333333333333333
2 0.3921875 0.035416666666666666 0.0421875 0.04583333333333333
2 0.5484375 0.15625 0.0453125 0.0625
2 0.4734375 0.05625 0.0375 0.05
2 0.38125 0.08125 0.0390625 0.05416666666666667
2 0.5375 0.08333333333333333 0.034375 0.04583333333333333
2 0.33125 0.08541666666666667 0.053125 0.0625
