2 0.6078125 0.010416666666666666 0.025 0.022916666666666665
2 0.3359375 0.1 0.0828125 0.10833333333333334
2 0.4796875 0.020833333333333332 0.03125 0.0375
2 0.51875 0.022916666666666665 0.0265625 0.03333333333333333
2 0.4953125 0.04375 0.03125 0.0375
2 0.434375 0.0375 0.0453125 0.06666666666666667
2 0.165625 0.9270833333333334 0.2125 0.13958333333333334
2 0.41875 0.1 0.046875 0.058333333333333334
2 0.4703125 0.35833333333333334 0.0796875 0.12291666666666666
2 0.4625 0.19791666666666666 0.0640625 0.08541666666666667
2 0.4625 0.06875 0.0375 0.041666666666666664
2 0.21875 0.53125 0.16875 0.22708333333333333
