0 0.203125 0.11041666666666666 0.015625 0.058333333333333334
2 0.5171875 0.022916666666666665 0.03125 0.04583333333333333
0 0.959375 0.19375 0.0203125 0.08541666666666667
5 0.2734375 0.125 0.109375 0.15208333333333332
2 0.93125 0.90625 0.1328125 0.17708333333333334
2 0.2515625 0.03125 0.0390625 0.03333333333333333
2 0.490625 0.0125 0.0234375 0.027083333333333334
5 0.5703125 0.06666666666666667 0.0453125 0.11041666666666666
6 0.0625 0.20625 0.1265625 0.25
2 0.490625 0.04583333333333333 0.028125 0.0375
2 0.553125 0.18541666666666667 0.05 0.07708333333333334
2 0.45625 0.3729166666666667 0.090625 0.14375
2 0.46875 0.06666666666666667 0.0375 0.04583333333333333
2 0.4390625 0.09166666666666666 0.0390625 0.05
2 0.390625 0.07083333333333333 0.05 0.06666666666666667
