2 0.39375 0.04791666666666667 0.0265625 0.03125
5 0.459375 0.029166666666666667 0.046875 0.058333333333333334
2 0.425 0.029166666666666667 0.034375 0.0375
2 0.5109375 0.010416666666666666 0.025 0.020833333333333332
2 0.2515625 0.03125 0.0390625 0.0375
2 0.4921875 0.016666666666666666 0.028125 0.03333333333333333
2 0.3609375 0.06875 0.0390625 0.04583333333333333
2 0.28125 0.19375 0.10625 0.07708333333333334
2 0.75 0.28541666666666665 0.1265625 0.09791666666666667
5 0.5984375 0.058333333333333334 0.034375 0.075
2 0.878125 0.26875 0.1375 0.07708333333333334
2 0.69375 0.2125 0.103125 0.075
2 0.3140625 0.09583333333333334 0.053125 0.05416666666666667
2 0.378125 0.0875 0.0453125 0.05416666666666667
