5 0.3171875 0.075 0.0578125 0.0875
0 0.7359375 0.13958333333333334 0.0171875 0.05416666666666667
2 0.5109375 0.008333333333333333 0.0265625 0.016666666666666666
2 0.6484375 0.375 0.215625 0.18541666666666667
2 0.2515625 0.03125 0.0390625 0.03333333333333333
2 0.4640625 0.035416666666666666 0.028125 0.03333333333333333
2 0.49375 0.014583333333333334 0.0265625 0.03125
2 0.421875 0.1 0.0390625 0.058333333333333334
2 0.60625 0.03958333333333333 0.0234375 0.03333333333333333
2 0.553125 0.08958333333333333 0.0265625 0.041666666666666664
2 0.3765625 0.09166666666666666 0.0421875 0.05
