6 0.4 0.0625 0.0625 0.0875
5 0.26875 0.09791666666666667 0.0625 0.07708333333333334
2 0.45625 0.11666666666666667 0.0375 0.041666666666666664
2 0.49375 0.016666666666666666 0.03125 0.03333333333333333
4 0.596875 0.03333333333333333 0.034375 0.06875
2 0.45625 0.029166666666666667 0.0390625 0.058333333333333334
2 0.41875 0.1 0.05 0.058333333333333334
2 0.4625 0.06875 0.0375 0.04583333333333333
2 0.26875 0.16041666666666668 0.078125 0.07083333333333333
2 0.1921875 0.5958333333333333 0.203125 0.275
