2 0.596875 0.06666666666666667 0.0265625 0.0375
2 0.4234375 0.09791666666666667 0.046875 0.058333333333333334
2 0.078125 0.8041666666666667 0.15625 0.37083333333333335
2 0.5296875 0.09583333333333334 0.034375 0.04583333333333333
2 0.4015625 0.075 0.0390625 0.04583333333333333
2 0.45625 0.075 0.0375 0.04583333333333333
2 0.275 0.16458333333333333 0.0765625 0.06666666666666667
2 0.5078125 0.03333333333333333 0.0265625 0.0375
2 0.4625 0.0375 0.03125 0.03333333333333333
2 0.4015625 0.2791666666666667 0.084375 0.10833333333333334
5 0.1015625 0.15625 0.1140625 0.18333333333333332
2 0.53125 0.016666666666666666 0.03125 0.03333333333333333
2 0.5390625 0.20208333333333334 0.053125 0.07083333333333333
2 0.496875 0.13958333333333334 0.046875 0.0625
2 0.4875 0.05 0.03125 0.0375
6 0.1984375 0.11875 0.2234375 0.21666666666666667
