2 0.4484375 0.07291666666666667 0.0390625 0.05
5 0.41875 0.09791666666666667 0.05 0.06666666666666667
6 0.36875 0.04791666666666667 0.0578125 0.06875
2 0.1171875 0.8166666666666667 0.234375 0.34791666666666665
2 0.2515625 0.03125 0.0390625 0.03333333333333333
2 0.4015625 0.2875 0.084375 0.10833333333333334
2 0.58125 0.016666666666666666 0.01875 0.029166666666666667
2 0.5 0.014583333333333334 0.0265625 0.029166666666666667
2 0.4859375 0.17083333333333334 0.0546875 0.075
2 0.5625 0.041666666666666664 0.0265625 0.03125
2 0.5453125 0.08958333333333333 0.034375 0.04583333333333333
5 0.3296875 0.07708333333333334 0.0703125 0.075
2 0.165625 0.22708333333333333 0.1078125 0.1
