5 0.440625 0.020833333333333332 0.03125 0.041666666666666664
0 0.8796875 0.4354166666666667 0.0390625 0.10208333333333333
0 0.853125 0.43333333333333335 0.0265625 0.09375
2 0.25 0.029166666666666667 0.03125 0.029166666666666667
2 0.5140625 0.00625 0.0203125 0.014583333333333334
2 0.41875 0.06666666666666667 0.034375 0.041666666666666664
2 0.3390625 0.37083333333333335 0.10625 0.14166666666666666
2 0.4953125 0.014583333333333334 0.025 0.03125
6 0.33125 0.0625 0.140625 0.12708333333333333
2 0.53125 0.08541666666666667 0.0390625 0.0625
2 0.1171875 0.26666666666666666 0.115625 0.10833333333333334
2 0.359375 0.10625 0.053125 0.05416666666666667
5 0.284375 0.07708333333333334 0.0625 0.11875
