6 0.321875 0.06458333333333334 0.1265625 0.12916666666666668
2 0.103125 0.7270833333333333 0.2078125 0.35208333333333336
2 0.4546875 0.075 0.034375 0.04583333333333333
2 0.4140625 0.49166666666666664 0.134375 0.23541666666666666
2 0.3890625 0.28958333333333336 0.0828125 0.11458333333333333
2 0.4453125 0.04583333333333333 0.03125 0.0375
5 0.2765625 0.08333333333333333 0.0640625 0.11666666666666667
2 0.0765625 0.23125 0.1171875 0.10208333333333333
2 0.5078125 0.03333333333333333 0.0265625 0.0375
2 0.3765625 0.09375 0.0453125 0.05
2 0.2328125 0.18333333333333332 0.0859375 0.08541666666666667
2 0.4875 0.05 0.03125 0.0375
2 0.46875 0.18541666666666667 0.05 0.06875
2 0.53125 0.016666666666666666 0.03125 0.03333333333333333
2 0.4859375 0.01875 0.0265625 0.03125
2 0.5671875 0.1375 0.0390625 0.05416666666666667
