5 0.45625 0.029166666666666667 0.0421875 0.058333333333333334
2 0.4953125 0.0125 0.0265625 0.027083333333333334
2 0.3875 0.05416666666666667 0.034375 0.05
2 0.403125 0.07708333333333334 0.034375 0.04583333333333333
2 0.2515625 0.03125 0.0390625 0.03333333333333333
2 0.4625 0.07083333333333333 0.034375 0.04583333333333333
6 0.165625 0.13125 0.15 0.16458333333333333
2 0.4296875 0.09375 0.046875 0.058333333333333334
2 0.496875 0.15416666666666667 0.046875 0.0625
2 0.5 0.0375 0.03125 0.04583333333333333
2 0.11875 0.25625 0.109375 0.11041666666666666
5 0.11875 0.15625 0.075 0.1375
2 0.2609375 0.15833333333333333 0.075 0.07708333333333334
2 0.3234375 0.09166666666666666 0.046875 0.05
2 0.2328125 0.5458333333333333 0.184375 0.25416666666666665
