5 0.4203125 0.09791666666666667 0.046875 0.0625
5 0.378125 0.052083333333333336 0.046875 0.0625
2 0.3390625 0.38125 0.1296875 0.18125
2 0.2515625 0.03125 0.0390625 0.03333333333333333
2 0.45 0.075 0.0375 0.05
2 0.584375 0.014583333333333334 0.01875 0.027083333333333334
2 0.1328125 0.18958333333333333 0.0796875 0.07708333333333334
2 0.553125 0.05416666666666667 0.0265625 0.0375
2 0.478125 0.1875 0.0546875 0.075
2 0.4796875 0.022916666666666665 0.0265625 0.03125
2 0.5296875 0.09791666666666667 0.034375 0.04583333333333333
2 0.315625 0.13333333333333333 0.0625 0.0625
