5 0.484375 0.01875 0.034375 0.03333333333333333
2 0.415625 0.06875 0.03125 0.04583333333333333
2 0.509375 0.0125 0.01875 0.020833333333333332
2 0.2515625 0.03125 0.0390625 0.03333333333333333
2 0.453125 0.01875 0.028125 0.03333333333333333
2 0.2984375 0.2 0.1265625 0.09166666666666666
2 0.4359375 0.04583333333333333 0.028125 0.03333333333333333
2 0.4625 0.035416666666666666 0.0265625 0.03333333333333333
2 0.4328125 0.0875 0.0453125 0.058333333333333334
2 0.5234375 0.23958333333333334 0.10625 0.075
2 0.6484375 0.21458333333333332 0.109375 0.07916666666666666
2 0.8578125 0.26458333333333334 0.134375 0.07708333333333334
2 0.0953125 0.16875 0.078125 0.0625
