2 0.425 0.09375 0.0453125 0.058333333333333334
2 0.5171875 0.00625 0.01875 0.014583333333333334
2 0.2015625 0.8333333333333334 0.3203125 0.31875
2 0.2515625 0.03125 0.0390625 0.03333333333333333
2 0.159375 0.24166666666666667 0.1078125 0.10208333333333333
2 0.453125 0.0375 0.0390625 0.05
2 0.36875 0.3104166666666667 0.1015625 0.13958333333333334
2 0.4921875 0.15 0.0421875 0.058333333333333334
2 0.5109375 0.25625 0.0609375 0.08541666666666667
2 0.290625 0.15 0.06875 0.06875
2 0.1171875 0.66875 0.234375 0.3020833333333333
2 0.190625 0.08541666666666667 0.0640625 0.04583333333333333
2 0.06875 0.22916666666666666 0.121875 0.11666666666666667
2 0.3296875 0.09166666666666666 0.05 0.05416666666666667
