5 0.415625 0.10208333333333333 0.05 0.06666666666666667
2 0.3703125 0.06041666666666667 0.0390625 0.041666666666666664
5 0.6109375 0.014583333333333334 0.0265625 0.029166666666666667
2 0.3765625 0.0875 0.05 0.06666666666666667
2 0.596875 0.09791666666666667 0.03125 0.04583333333333333
2 0.440625 0.041666666666666664 0.0375 0.041666666666666664
2 0.453125 0.075 0.034375 0.04583333333333333
2 0.4625 0.016666666666666666 0.025 0.027083333333333334
6 0.8109375 0.19375 0.3546875 0.2604166666666667
2 0.3265625 0.09166666666666666 0.046875 0.05
