2 0.1171875 0.7854166666666667 0.23125 0.41458333333333336
2 0.509375 0.008333333333333333 0.01875 0.01875
2 0.609375 0.008333333333333333 0.01875 0.01875
2 0.5578125 0.03958333333333333 0.025 0.03125
2 0.453125 0.2 0.0578125 0.07708333333333334
2 0.5765625 0.01875 0.0203125 0.03125
2 0.453125 0.075 0.0390625 0.05
5 0.55625 0.11875 0.0796875 0.16458333333333333
2 0.5078125 0.03333333333333333 0.0265625 0.0375
2 0.378125 0.075 0.053125 0.07708333333333334
2 0.4875 0.05 0.03125 0.0375
2 0.5296875 0.016666666666666666 0.03125 0.03333333333333333
