2 0.2515625 0.03125 0.0390625 0.03333333333333333
6 0.0609375 0.21041666666666667 0.121875 0.23541666666666666
2 0.5234375 0.1 0.046875 0.08333333333333333
2 0.4296875 0.03125 0.034375 0.04583333333333333
2 0.45 0.041666666666666664 0.034375 0.0375
2 0.43125 0.0875 0.0421875 0.05416666666666667
5 0.503125 0.016666666666666666 0.046875 0.03333333333333333
2 0.56875 0.05 0.0265625 0.0375
2 0.46875 0.0625 0.0375 0.04583333333333333
2 0.384375 0.0875 0.034375 0.041666666666666664
2 0.36875 0.06666666666666667 0.0390625 0.0375
2 0.30625 0.09791666666666667 0.0546875 0.058333333333333334
2 0.2015625 0.20625 0.0984375 0.1
6 0.1609375 0.13541666666666666 0.16875 0.18958333333333333
