2 0.6078125 0.022916666666666665 0.0203125 0.03125
2 0.3703125 0.06041666666666667 0.0390625 0.041666666666666664
5 0.415625 0.10208333333333333 0.05 0.06666666666666667
2 0.4390625 0.041666666666666664 0.034375 0.041666666666666664
2 0.3765625 0.0875 0.05 0.06666666666666667
2 0.453125 0.07708333333333334 0.0375 0.04583333333333333
2 0.459375 0.016666666666666666 0.0265625 0.027083333333333334
2 0.4953125 0.014583333333333334 0.0265625 0.029166666666666667
6 0.6171875 0.12916666666666668 0.228125 0.22083333333333333
2 0.325 0.09166666666666666 0.05 0.05
