2 0.3921875 0.04791666666666667 0.0265625 0.03125
2 0.425 0.029166666666666667 0.034375 0.0375
5 0.459375 0.029166666666666667 0.046875 0.058333333333333334
5 0.765625 0.19166666666666668 0.115625 0.18541666666666667
2 0.4921875 0.016666666666666666 0.028125 0.03333333333333333
6 0.93125 0.3229166666666667 0.1328125 0.3125
2 0.2515625 0.03125 0.0390625 0.03333333333333333
2 0.6125 0.04583333333333333 0.025 0.03333333333333333
6 0.8875 0.23125 0.2203125 0.28541666666666665
5 0.825 0.28958333333333336 0.1328125 0.24791666666666667
2 0.3609375 0.06875 0.0390625 0.041666666666666664
2 0.5703125 0.12916666666666668 0.0421875 0.05
2 0.3140625 0.09583333333333334 0.053125 0.05416666666666667
2 0.378125 0.0875 0.0453125 0.05416666666666667
2 0.39375 0.4083333333333333 0.1890625 0.15
