0 0.1796875 0.10833333333333334 0.0125 0.05
2 0.4375 0.025 0.0265625 0.0375
2 0.509375 0.0125 0.01875 0.020833333333333332
5 0.3296875 0.07083333333333333 0.0421875 0.07083333333333333
5 0.4859375 0.020833333333333332 0.034375 0.0375
2 0.434375 0.04583333333333333 0.03125 0.0375
2 0.378125 0.08125 0.05 0.06875
2 0.6140625 0.016666666666666666 0.0203125 0.03333333333333333
2 0.4625 0.03333333333333333 0.0265625 0.03333333333333333
2 0.4296875 0.09375 0.046875 0.058333333333333334
4 0.25 0.05625 0.1296875 0.10625
