2 0.4359375 0.025 0.0265625 0.0375
0 0.203125 0.11666666666666667 0.01875 0.05416666666666667
2 0.378125 0.08125 0.053125 0.06875
2 0.5078125 0.010416666666666666 0.0234375 0.022916666666666665
2 0.4359375 0.04791666666666667 0.03125 0.0375
6 0.35 0.052083333333333336 0.071875 0.1
5 0.33125 0.0625 0.0453125 0.0875
2 0.5390625 0.010416666666666666 0.0234375 0.022916666666666665
2 0.2515625 0.03125 0.0390625 0.03333333333333333
5 0.4859375 0.01875 0.034375 0.0375
2 0.4296875 0.09375 0.046875 0.058333333333333334
2 0.509375 0.15416666666666667 0.0703125 0.06875
2 0.4625 0.03333333333333333 0.0265625 0.03333333333333333
2 0.346875 0.21458333333333332 0.1015625 0.075
