2 0.4484375 0.075 0.0375 0.05
5 0.4328125 0.025 0.046875 0.05
2 0.34375 0.07708333333333334 0.0390625 0.041666666666666664
5 0.41875 0.09791666666666667 0.05 0.06666666666666667
2 0.2515625 0.03125 0.0390625 0.03333333333333333
2 0.3328125 0.375 0.1171875 0.16666666666666666
6 0.1046875 0.22291666666666668 0.2 0.2375
2 0.446875 0.21041666666666667 0.0578125 0.07916666666666666
2 0.3234375 0.11666666666666667 0.06875 0.08333333333333333
2 0.521875 0.11666666666666667 0.0390625 0.05
2 0.225 0.14375 0.071875 0.06666666666666667
