6 0.328125 0.06875 0.0625 0.09166666666666666
5 0.315625 0.07291666666666667 0.05 0.08541666666666667
2 0.51875 0.00625 0.025 0.014583333333333334
2 0.49375 0.016666666666666666 0.0265625 0.03333333333333333
2 0.2515625 0.03125 0.0390625 0.03333333333333333
2 0.4640625 0.035416666666666666 0.028125 0.03333333333333333
0 0.7484375 0.15625 0.01875 0.05
2 0.8078125 0.25625 0.125 0.07708333333333334
2 0.55 0.07708333333333334 0.03125 0.041666666666666664
2 0.60625 0.17083333333333334 0.0765625 0.06875
2 0.3765625 0.09166666666666666 0.0453125 0.05
