5 0.415625 0.10208333333333333 0.05 0.06666666666666667
2 0.3703125 0.06041666666666667 0.0390625 0.041666666666666664
5 0.64375 0.175 0.0703125 0.14583333333333334
2 0.3765625 0.0875 0.05 0.06666666666666667
2 0.440625 0.041666666666666664 0.0375 0.041666666666666664
2 0.459375 0.016666666666666666 0.0265625 0.027083333333333334
2 0.453125 0.07708333333333334 0.034375 0.04583333333333333
2 0.025 0.13958333333333334 0.05 0.08333333333333333
2 0.59375 0.10625 0.028125 0.05
6 0.821875 0.20416666666666666 0.3484375 0.26875
2 0.328125 0.09166666666666666 0.05 0.05
