5 0.1828125 0.12708333333333333 0.0703125 0.12916666666666668
2 0.0421875 0.8583333333333333 0.084375 0.26666666666666666
2 0.5140625 0.00625 0.0265625 0.014583333333333334
0 0.8046875 0.3 0.01875 0.075
2 0.590625 0.010416666666666666 0.0171875 0.020833333333333332
0 0.828125 0.3 0.01875 0.07916666666666666
2 0.2515625 0.03125 0.0390625 0.03333333333333333
2 0.39375 0.035416666666666666 0.03125 0.03333333333333333
2 0.5609375 0.058333333333333334 0.0265625 0.0375
2 0.1203125 0.23125 0.1453125 0.17083333333333334
2 0.5765625 0.13958333333333334 0.0390625 0.05416666666666667
2 0.4640625 0.03333333333333333 0.028125 0.03333333333333333
2 0.521875 0.24166666666666667 0.0625 0.08541666666666667
2 0.50625 0.13125 0.0421875 0.058333333333333334
2 0.409375 0.07083333333333333 0.0375 0.04583333333333333
2 0.3375 0.11875 0.05 0.05416666666666667
6 0.2234375 0.10833333333333334 0.140625 0.15625
