2 0.4484375 0.075 0.0375 0.05
2 0.63125 0.010416666666666666 0.01875 0.022916666666666665
2 0.2515625 0.03125 0.0390625 0.03333333333333333
5 0.421875 0.09791666666666667 0.05 0.06666666666666667
2 0.5703125 0.029166666666666667 0.025 0.03125
2 0.5421875 0.07291666666666667 0.0375 0.05416666666666667
2 0.4375 0.225 0.0703125 0.09375
2 0.59375 0.07708333333333334 0.03125 0.04583333333333333
2 0.51875 0.025 0.0265625 0.03333333333333333
2 0.4796875 0.052083333333333336 0.034375 0.041666666666666664
