2 0.4578125 0.016666666666666666 0.01875 0.027083333333333334
5 0.5078125 0.03125 0.03125 0.041666666666666664
2 0.3828125 0.05625 0.03125 0.03333333333333333
2 0.4515625 0.04375 0.028125 0.03333333333333333
6 0.2828125 0.08333333333333333 0.1015625 0.125
5 0.4796875 0.01875 0.0375 0.0375
2 0.4640625 0.07083333333333333 0.034375 0.04583333333333333
2 0.4296875 0.03125 0.034375 0.041666666666666664
2 0.2703125 0.4791666666666667 0.1453125 0.19166666666666668
2 0.3828125 0.08333333333333333 0.0390625 0.05416666666666667
2 0.4296875 0.09375 0.046875 0.058333333333333334
2 0.3109375 0.13125 0.0578125 0.06875
2 0.2046875 0.18541666666666667 0.0984375 0.11458333333333333
