2 0.4515625 0.075 0.034375 0.05
5 0.4203125 0.09791666666666667 0.05 0.06666666666666667
2 0.2515625 0.03125 0.0390625 0.0375
2 0.590625 0.020833333333333332 0.0203125 0.029166666666666667
2 0.4640625 0.029166666666666667 0.034375 0.04583333333333333
2 0.5640625 0.075 0.0265625 0.041666666666666664
6 0.7890625 0.2833333333333333 0.421875 0.3104166666666667
5 0.5390625 0.26666666666666666 0.10625 0.2375
2 0.328125 0.08958333333333333 0.046875 0.05
4 0.1421875 0.21041666666666667 0.278125 0.16875
