2 0.3921875 0.04791666666666667 0.0265625 0.03125
5 0.7140625 0.18125 0.10625 0.175
2 0.425 0.029166666666666667 0.034375 0.0375
5 0.459375 0.029166666666666667 0.046875 0.058333333333333334
2 0.4921875 0.016666666666666666 0.028125 0.03333333333333333
6 0.8125 0.21666666666666667 0.253125 0.2604166666666667
2 0.2515625 0.03125 0.0390625 0.0375
2 0.615625 0.03333333333333333 0.0203125 0.03333333333333333
2 0.565625 0.10625 0.03125 0.04583333333333333
6 0.884375 0.31875 0.2203125 0.31666666666666665
2 0.3609375 0.06875 0.0390625 0.041666666666666664
2 0.2625 0.425 0.203125 0.16666666666666666
2 0.3140625 0.09583333333333334 0.053125 0.05416666666666667
2 0.378125 0.0875 0.0453125 0.05416666666666667
5 0.7453125 0.2791666666666667 0.115625 0.23541666666666666
