2 0.1328125 0.19166666666666668 0.084375 0.08541666666666667
2 0.459375 0.04583333333333333 0.03125 0.03333333333333333
2 0.428125 0.041666666666666664 0.0390625 0.041666666666666664
0 0.9140625 0.4479166666666667 0.034375 0.11666666666666667
2 0.4875 0.01875 0.0234375 0.029166666666666667
6 0.3765625 0.041666666666666664 0.06875 0.08333333333333333
2 0.46875 0.016666666666666666 0.025 0.029166666666666667
2 0.4890625 0.04583333333333333 0.03125 0.0375
5 0.3609375 0.04583333333333333 0.0453125 0.0875
2 0.4671875 0.06666666666666667 0.034375 0.04583333333333333
2 0.4390625 0.09166666666666666 0.0390625 0.05
4 0.165625 0.06666666666666667 0.2046875 0.10208333333333333
2 0.4078125 0.075 0.0421875 0.04583333333333333
2 0.1484375 0.22083333333333333 0.1234375 0.13958333333333334
2 0.3109375 0.13333333333333333 0.0609375 0.0625
2 0.2359375 0.5083333333333333 0.153125 0.20833333333333334
