0 0.1765625 0.12083333333333333 0.0125 0.04583333333333333
2 0.4578125 0.014583333333333334 0.025 0.03125
2 0.046875 0.3145833333333333 0.0953125 0.15416666666666667
6 0.0546875 0.2125 0.10625 0.2520833333333333
2 0.509375 0.008333333333333333 0.0234375 0.01875
2 0.2515625 0.03125 0.0390625 0.0375
2 0.475 0.027083333333333334 0.028125 0.0375
2 0.425 0.041666666666666664 0.0421875 0.06666666666666667
2 0.4609375 0.2125 0.0671875 0.08541666666666667
2 0.11875 0.6875 0.2390625 0.36041666666666666
2 0.49375 0.041666666666666664 0.034375 0.04583333333333333
2 0.4625 0.07291666666666667 0.034375 0.041666666666666664
2 0.55625 0.06458333333333334 0.028125 0.0375
2 0.4296875 0.09375 0.046875 0.058333333333333334
2 0.321875 0.09166666666666666 0.05 0.058333333333333334
2 0.3390625 0.12291666666666666 0.05 0.05416666666666667
2 0.2421875 0.13541666666666666 0.0640625 0.0625
