0 0.4484375 0.125 0.015625 0.058333333333333334
1 0.6203125 0.15416666666666667 0.03125 0.07083333333333333
5 0.8859375 0.22708333333333333 0.078125 0.17083333333333334
2 0.36875 0.06458333333333334 0.0390625 0.0375
2 0.365625 0.09375 0.046875 0.04583333333333333
6 0.934375 0.22916666666666666 0.1265625 0.2
2 0.596875 0.010416666666666666 0.01875 0.022916666666666665
2 0.2515625 0.03125 0.0390625 0.03333333333333333
2 0.315625 0.08958333333333333 0.0578125 0.0625
2 0.7890625 0.30625 0.1484375 0.08541666666666667
2 0.5703125 0.2125 0.109375 0.07083333333333333
4 0.2921875 0.175 0.2765625 0.16041666666666668
4 0.21875 0.41458333333333336 0.425 0.375
