2 0.4375 0.08541666666666667 0.0453125 0.05416666666666667
2 0.253125 0.03125 0.0375 0.03333333333333333
2 0.03125 0.5541666666666667 0.0625 0.19583333333333333
0 0.8296875 0.2708333333333333 0.0203125 0.07916666666666666
2 0.5 0.26666666666666666 0.06875 0.1
2 0.5734375 0.027083333333333334 0.025 0.03125
2 0.471875 0.05416666666666667 0.0390625 0.05416666666666667
2 0.38125 0.08333333333333333 0.0390625 0.05416666666666667
2 0.35 0.075 0.046875 0.05416666666666667
2 0.55 0.06875 0.03125 0.041666666666666664
2 0.5078125 0.12708333333333333 0.0421875 0.0625
2 0.4328125 0.020833333333333332 0.034375 0.041666666666666664
2 0.0828125 0.19583333333333333 0.075 0.08541666666666667
