5 0.5109375 0.010416666666666666 0.034375 0.022916666666666665
2 0.134375 0.65625 0.26875 0.6479166666666667
2 0.43125 0.0875 0.0421875 0.05416666666666667
5 0.5796875 0.025 0.0390625 0.05
2 0.4421875 0.020833333333333332 0.03125 0.0375
2 0.46875 0.03333333333333333 0.03125 0.03333333333333333
2 0.4984375 0.1375 0.0609375 0.10208333333333333
2 0.5609375 0.06666666666666667 0.0265625 0.041666666666666664
2 0.3859375 0.058333333333333334 0.03125 0.03333333333333333
2 0.465625 0.06458333333333334 0.0390625 0.04583333333333333
2 0.28125 0.15416666666666667 0.071875 0.06875
6 0.21875 0.10625 0.1375 0.16458333333333333
2 0.3328125 0.08333333333333333 0.05 0.058333333333333334
6 0.0921875 0.17083333333333334 0.18125 0.20208333333333334
5 0.0390625 0.20625 0.078125 0.16666666666666666
