0 0.21875 0.10625 0.0171875 0.04583333333333333
2 0.45625 0.016666666666666666 0.0234375 0.03125
0 0.153125 0.10833333333333334 0.015625 0.05416666666666667
0 0.1765625 0.12083333333333333 0.0125 0.041666666666666664
2 0.46875 0.03333333333333333 0.028125 0.03333333333333333
2 0.434375 0.029166666666666667 0.034375 0.04583333333333333
2 0.4390625 0.08333333333333333 0.0421875 0.05416666666666667
2 0.4875 0.016666666666666666 0.025 0.03125
2 0.39375 0.07708333333333334 0.0421875 0.058333333333333334
2 0.603125 0.0625 0.0265625 0.041666666666666664
2 0.50625 0.0125 0.0203125 0.025
2 0.4703125 0.05416666666666667 0.0390625 0.05416666666666667
2 0.5828125 0.01875 0.0203125 0.03125
2 0.2671875 0.12083333333333333 0.0546875 0.058333333333333334
2 0.3453125 0.07708333333333334 0.0421875 0.04583333333333333
