2 0.3921875 0.05 0.0265625 0.03333333333333333
2 0.425 0.06041666666666667 0.034375 0.04583333333333333
2 0.509375 0.010416666666666666 0.0265625 0.020833333333333332
2 0.315625 0.09375 0.05 0.05
5 0.6078125 0.13541666666666666 0.0703125 0.09375
2 0.425 0.03125 0.034375 0.041666666666666664
5 0.4578125 0.03125 0.05 0.0625
2 0.3796875 0.08541666666666667 0.0453125 0.05
2 0.2515625 0.03125 0.0390625 0.0375
2 0.4921875 0.016666666666666666 0.03125 0.03333333333333333
2 0.3625 0.06875 0.0390625 0.04583333333333333
2 0.759375 0.2375 0.1171875 0.075
2 0.953125 0.325 0.09375 0.10625
4 0.284375 0.16041666666666668 0.2703125 0.16875
