2 0.378125 0.08125 0.053125 0.06875
2 0.509375 0.0125 0.01875 0.020833333333333332
5 0.61875 0.01875 0.0265625 0.0375
2 0.4359375 0.025 0.0265625 0.0375
2 0.434375 0.04583333333333333 0.03125 0.0375
2 0.2515625 0.03125 0.0390625 0.03333333333333333
5 0.4859375 0.020833333333333332 0.034375 0.0375
6 0.35 0.052083333333333336 0.071875 0.1
5 0.33125 0.0625 0.0453125 0.0875
2 0.428125 0.09375 0.0453125 0.058333333333333334
2 0.6265625 0.18541666666666667 0.0828125 0.07083333333333333
2 0.4625 0.03333333333333333 0.0265625 0.03333333333333333
2 0.8671875 0.25625 0.153125 0.1
2 0.81875 0.35833333333333334 0.16875 0.10625
2 0.5390625 0.08541666666666667 0.03125 0.05
