0 0.771875 0.12916666666666668 0.01875 0.058333333333333334
0 0.9171875 0.2 0.01875 0.06666666666666667
0 0.7921875 0.13541666666666666 0.0171875 0.05416666666666667
0 0.7078125 0.12916666666666668 0.0171875 0.05416666666666667
2 0.3234375 0.05625 0.0546875 0.041666666666666664
5 0.5125 0.1125 0.0578125 0.09791666666666667
0 0.7359375 0.1625 0.0203125 0.058333333333333334
2 0.565625 0.041666666666666664 0.0265625 0.03333333333333333
2 0.36875 0.0625 0.0390625 0.041666666666666664
2 0.2515625 0.03125 0.0390625 0.03333333333333333
2 0.20625 0.19166666666666668 0.0953125 0.0625
2 0.3640625 0.09791666666666667 0.046875 0.05416666666666667
2 0.3140625 0.08958333333333333 0.0609375 0.06875
6 0.5515625 0.12708333333333333 0.1171875 0.16666666666666666
