0 0.5109375 0.12291666666666666 0.01875 0.05
5 0.43125 0.07708333333333334 0.05 0.07708333333333334
2 0.2515625 0.03125 0.0390625 0.03333333333333333
2 0.665625 0.26666666666666666 0.134375 0.07708333333333334
2 0.7078125 0.22083333333333333 0.1109375 0.07708333333333334
2 0.61875 0.025 0.0203125 0.029166666666666667
2 0.0328125 0.09583333333333334 0.0671875 0.041666666666666664
2 0.9234375 0.27708333333333335 0.1265625 0.07708333333333334
2 0.34375 0.08125 0.046875 0.05416666666666667
2 0.3671875 0.1 0.046875 0.05416666666666667
