5 0.5734375 0.03958333333333333 0.046875 0.07708333333333334
2 0.409375 0.04375 0.034375 0.03333333333333333
6 0.2765625 0.07916666666666666 0.1171875 0.13958333333333334
2 0.5578125 0.1 0.03125 0.05
2 0.128125 0.2604166666666667 0.1265625 0.11666666666666667
2 0.465625 0.0625 0.0390625 0.04583333333333333
2 0.4390625 0.22291666666666668 0.09375 0.14166666666666666
2 0.3515625 0.10833333333333334 0.0546875 0.05416666666666667
2 0.484375 0.01875 0.0265625 0.03125
2 0.43125 0.0875 0.0421875 0.05416666666666667
2 0.3640625 0.06458333333333334 0.0453125 0.04583333333333333
5 0.1421875 0.15208333333333332 0.06875 0.13541666666666666
6 0.1875 0.125 0.1421875 0.16666666666666666
