0 0.1875 0.10833333333333334 0.01875 0.05
0 0.85 0.3125 0.025 0.0875
2 0.2515625 0.03125 0.0390625 0.03333333333333333
2 0.0703125 0.43125 0.140625 0.23125
2 0.3859375 0.3145833333333333 0.0953125 0.12708333333333333
2 0.5765625 0.025 0.0203125 0.03125
2 0.390625 0.05 0.0390625 0.05
2 0.3984375 0.075 0.0421875 0.04583333333333333
2 0.471875 0.05416666666666667 0.0390625 0.05416666666666667
2 0.503125 0.13958333333333334 0.046875 0.0625
2 0.0953125 0.21875 0.0671875 0.07708333333333334
2 0.5453125 0.07916666666666666 0.034375 0.041666666666666664
