6 0.203125 0.16666666666666666 0.1484375 0.1875
2 0.3765625 0.058333333333333334 0.03125 0.03333333333333333
5 0.41875 0.09791666666666667 0.05 0.06666666666666667
2 0.2515625 0.03125 0.0390625 0.0375
2 0.8859375 0.8895833333333333 0.2234375 0.21666666666666667
2 0.38125 0.30416666666666664 0.0859375 0.11041666666666666
2 0.2828125 0.11458333333333333 0.0546875 0.058333333333333334
2 0.1375 0.65625 0.2359375 0.3145833333333333
2 0.3625 0.09166666666666666 0.0578125 0.06875
2 0.4890625 0.17083333333333334 0.05 0.06666666666666667
