2 0.4453125 0.04583333333333333 0.034375 0.0375
6 0.9015625 0.22083333333333333 0.1921875 0.22083333333333333
5 0.9 0.21875 0.1921875 0.20833333333333334
4 0.2328125 0.06041666666666667 0.1921875 0.10625
5 0.3078125 0.08333333333333333 0.046875 0.07708333333333334
2 0.034375 0.15625 0.0703125 0.058333333333333334
2 0.596875 0.26666666666666666 0.121875 0.07708333333333334
2 0.2515625 0.19791666666666666 0.1015625 0.06875
2 0.5890625 0.19583333333333333 0.09375 0.06666666666666667
2 0.35625 0.10833333333333334 0.053125 0.05
