5 0.415625 0.10208333333333333 0.05 0.06666666666666667
2 0.371875 0.06041666666666667 0.0390625 0.041666666666666664
2 0.3203125 0.20208333333333334 0.1265625 0.0875
5 0.6 0.03958333333333333 0.0390625 0.07916666666666666
2 0.459375 0.016666666666666666 0.0265625 0.027083333333333334
2 0.3765625 0.0875 0.05 0.06666666666666667
2 0.440625 0.041666666666666664 0.0375 0.041666666666666664
2 0.45625 0.07291666666666667 0.0375 0.041666666666666664
2 0.640625 0.17708333333333334 0.071875 0.07083333333333333
5 0.9359375 0.22083333333333333 0.125 0.19791666666666666
2 0.3265625 0.09166666666666666 0.046875 0.05
