2 0.453125 0.022916666666666665 0.0234375 0.029166666666666667
5 0.478125 0.020833333333333332 0.0375 0.041666666666666664
6 0.253125 0.09375 0.1109375 0.13541666666666666
2 0.50625 0.03333333333333333 0.03125 0.041666666666666664
2 0.421875 0.035416666666666666 0.03125 0.041666666666666664
2 0.4390625 0.04791666666666667 0.03125 0.03333333333333333
2 0.271875 0.15833333333333333 0.0703125 0.07708333333333334
2 0.375 0.3333333333333333 0.09375 0.12291666666666666
2 0.4625 0.07083333333333333 0.034375 0.04583333333333333
2 0.36875 0.0625 0.0390625 0.0375
2 0.4296875 0.09375 0.046875 0.058333333333333334
2 0.3625 0.09791666666666667 0.05 0.058333333333333334
2 0.140625 0.225 0.1171875 0.13958333333333334
