0 0.8984375 0.46041666666666664 0.028125 0.09791666666666667
5 0.3171875 0.06666666666666667 0.053125 0.10833333333333334
2 0.5046875 0.12916666666666668 0.046875 0.07916666666666666
2 0.3921875 0.08541666666666667 0.046875 0.05416666666666667
0 0.8609375 0.45625 0.0265625 0.1
2 0.5015625 0.0125 0.0234375 0.025
5 0.4796875 0.020833333333333332 0.03125 0.041666666666666664
2 0.2515625 0.03125 0.0390625 0.03333333333333333
2 0.440625 0.05416666666666667 0.03125 0.0375
2 0.221875 0.19583333333333333 0.0875 0.08333333333333333
2 0.215625 0.55 0.165625 0.22083333333333333
