2 0.3953125 0.075 0.05 0.0625
0 0.1921875 0.11666666666666667 0.015625 0.04583333333333333
2 0.0921875 0.8083333333333333 0.18125 0.375
2 0.446875 0.01875 0.0375 0.0375
2 0.4921875 0.31875 0.090625 0.13333333333333333
2 0.2515625 0.03125 0.0390625 0.03333333333333333
5 0.4296875 0.0875 0.0640625 0.08541666666666667
2 0.06875 0.23541666666666666 0.10625 0.10208333333333333
2 0.0765625 0.28958333333333336 0.121875 0.11458333333333333
2 0.26875 0.1625 0.0671875 0.06875
2 0.321875 0.09166666666666666 0.05 0.058333333333333334
2 0.484375 0.01875 0.03125 0.0375
