0 0.6953125 0.13333333333333333 0.015625 0.05
2 0.39375 0.04791666666666667 0.0265625 0.03125
5 0.459375 0.029166666666666667 0.046875 0.058333333333333334
2 0.425 0.029166666666666667 0.034375 0.0375
2 0.2515625 0.03125 0.0390625 0.03333333333333333
2 0.4921875 0.016666666666666666 0.028125 0.03333333333333333
2 0.3609375 0.06875 0.0390625 0.04583333333333333
2 0.6 0.14791666666666667 0.05 0.0625
2 0.18125 0.1875 0.0984375 0.075
2 0.3140625 0.09583333333333334 0.053125 0.05416666666666667
2 0.378125 0.0875 0.0453125 0.05416666666666667
2 0.740625 0.2375 0.1171875 0.075
5 0.965625 0.23541666666666666 0.0640625 0.19583333333333333
