2 0.609375 0.010416666666666666 0.01875 0.022916666666666665
2 0.0640625 0.8458333333333333 0.1296875 0.2916666666666667
2 0.421875 0.09791666666666667 0.046875 0.0625
2 0.575 0.020833333333333332 0.0203125 0.03125
2 0.45625 0.075 0.0375 0.05
2 0.05625 0.31666666666666665 0.1140625 0.1375
2 0.440625 0.21875 0.0625 0.08541666666666667
5 0.5515625 0.13333333333333333 0.0859375 0.17083333333333334
2 0.3921875 0.06875 0.0546875 0.075
2 0.5296875 0.016666666666666666 0.03125 0.03333333333333333
2 0.4875 0.05 0.03125 0.0375
2 0.5078125 0.03333333333333333 0.0265625 0.0375
