2 0.43125 0.08958333333333333 0.0421875 0.05416666666666667
5 0.41875 0.052083333333333336 0.053125 0.07083333333333333
6 0.4859375 0.13333333333333333 0.109375 0.18125
2 0.096875 0.20625 0.1140625 0.11041666666666666
2 0.9015625 0.7833333333333333 0.196875 0.42291666666666666
2 0.2734375 0.47291666666666665 0.1453125 0.19166666666666668
2 0.09375 0.2791666666666667 0.134375 0.11666666666666667
2 0.4546875 0.33958333333333335 0.1296875 0.21458333333333332
2 0.3546875 0.06875 0.046875 0.058333333333333334
2 0.3078125 0.1375 0.0625 0.0625
2 0.2640625 0.125 0.0578125 0.05416666666666667
