2 0.2515625 0.03125 0.0390625 0.03333333333333333
2 0.1296875 0.17916666666666667 0.090625 0.07083333333333333
5 0.309375 0.08333333333333333 0.046875 0.07708333333333334
2 0.621875 0.0125 0.0203125 0.027083333333333334
2 0.7671875 0.24166666666666667 0.1171875 0.07708333333333334
2 0.46875 0.03333333333333333 0.028125 0.03333333333333333
2 0.934375 0.32916666666666666 0.1265625 0.08541666666666667
2 0.5921875 0.2604166666666667 0.1296875 0.0875
2 0.5796875 0.1375 0.0578125 0.0625
2 0.35625 0.10833333333333334 0.0546875 0.05416666666666667
