2 0.9625 0.3458333333333333 0.071875 0.08333333333333333
2 0.2515625 0.03125 0.0390625 0.03333333333333333
2 0.29375 0.20416666666666666 0.109375 0.07083333333333333
2 0.45625 0.041666666666666664 0.03125 0.03333333333333333
2 0.4109375 0.06875 0.0421875 0.04583333333333333
2 0.559375 0.07916666666666666 0.028125 0.04583333333333333
5 0.3078125 0.08333333333333333 0.0453125 0.07708333333333334
2 0.884375 0.26666666666666666 0.1296875 0.07708333333333334
2 0.615625 0.1625 0.0609375 0.0625
2 0.35625 0.10833333333333334 0.053125 0.05
2 0.6375 0.26666666666666666 0.1453125 0.08541666666666667
