2 0.3703125 0.06041666666666667 0.0390625 0.041666666666666664
2 0.3765625 0.08541666666666667 0.05 0.06875
5 0.6015625 0.09791666666666667 0.078125 0.13958333333333334
5 0.415625 0.10208333333333333 0.046875 0.0625
2 0.4609375 0.016666666666666666 0.025 0.027083333333333334
2 0.4375 0.04583333333333333 0.0390625 0.04583333333333333
4 0.1953125 0.16666666666666666 0.2203125 0.14375
2 0.4765625 0.058333333333333334 0.03125 0.041666666666666664
2 0.88125 0.30625 0.1890625 0.1375
2 0.328125 0.09166666666666666 0.05 0.05
