2 0.26875 0.15208333333333332 0.0625 0.06875
5 0.4234375 0.09791666666666667 0.0390625 0.05416666666666667
2 0.434375 0.01875 0.0265625 0.029166666666666667
2 0.4125 0.0375 0.0390625 0.04583333333333333
2 0.5796875 0.014583333333333334 0.0203125 0.03125
2 0.2515625 0.03125 0.0390625 0.03333333333333333
2 0.4546875 0.075 0.0390625 0.04583333333333333
2 0.3546875 0.3458333333333333 0.109375 0.13541666666666666
5 0.621875 0.014583333333333334 0.0265625 0.03125
2 0.521875 0.022916666666666665 0.0265625 0.03333333333333333
2 0.403125 0.44583333333333336 0.1171875 0.18333333333333332
2 0.55625 0.15416666666666667 0.0390625 0.05416666666666667
2 0.2078125 0.19375 0.09375 0.1
2 0.5546875 0.05416666666666667 0.0265625 0.041666666666666664
2 0.328125 0.0875 0.053125 0.05416666666666667
