5 0.315625 0.07291666666666667 0.0546875 0.08541666666666667
0 0.759375 0.15833333333333333 0.0125 0.05
0 0.6578125 0.14375 0.0171875 0.05
2 0.515625 0.00625 0.025 0.014583333333333334
2 0.428125 0.09583333333333334 0.0421875 0.05416666666666667
2 0.2515625 0.027083333333333334 0.0390625 0.03125
2 0.4640625 0.035416666666666666 0.028125 0.03333333333333333
2 0.49375 0.014583333333333334 0.0265625 0.03125
2 0.759375 0.24375 0.1140625 0.06875
2 0.5953125 0.16041666666666668 0.0625 0.06875
2 0.55625 0.06875 0.028125 0.041666666666666664
2 0.3765625 0.09166666666666666 0.0421875 0.05
