2 0.6078125 0.01875 0.0203125 0.029166666666666667
2 0.3703125 0.06041666666666667 0.0390625 0.041666666666666664
5 0.415625 0.10208333333333333 0.05 0.06666666666666667
2 0.453125 0.07708333333333334 0.034375 0.04583333333333333
2 0.440625 0.041666666666666664 0.0375 0.041666666666666664
2 0.3765625 0.0875 0.05 0.06666666666666667
2 0.4609375 0.016666666666666666 0.025 0.027083333333333334
2 0.4921875 0.016666666666666666 0.028125 0.03333333333333333
6 0.596875 0.11666666666666667 0.18125 0.21666666666666667
2 0.325 0.09166666666666666 0.05 0.05
