2 0.4390625 0.08541666666666667 0.0421875 0.05416666666666667
2 0.440625 0.05 0.03125 0.03333333333333333
2 0.053125 0.24583333333333332 0.1078125 0.10833333333333334
2 0.4 0.05416666666666667 0.0375 0.0375
2 0.2796875 0.46041666666666664 0.1375 0.1875
2 0.5859375 0.08541666666666667 0.028125 0.041666666666666664
2 0.471875 0.05416666666666667 0.0390625 0.05416666666666667
2 0.4796875 0.17083333333333334 0.0546875 0.075
2 0.5015625 0.0125 0.0265625 0.025
2 0.39375 0.55 0.1421875 0.24583333333333332
2 0.3703125 0.09791666666666667 0.05 0.05416666666666667
2 0.2609375 0.12083333333333333 0.071875 0.07708333333333334
