2 0.4578125 0.01875 0.0234375 0.029166666666666667
2 0.484375 0.01875 0.0375 0.0375
2 0.4375 0.025 0.0265625 0.0375
2 0.2515625 0.03125 0.0390625 0.03333333333333333
6 0.3515625 0.05 0.078125 0.1
5 0.3296875 0.0625 0.0421875 0.08541666666666667
2 0.3765625 0.08333333333333333 0.05 0.06875
2 0.4375 0.04791666666666667 0.03125 0.0375
2 0.4625 0.03333333333333333 0.0265625 0.03333333333333333
2 0.48125 0.058333333333333334 0.03125 0.041666666666666664
2 0.4296875 0.09375 0.046875 0.058333333333333334
2 0.5296875 0.01875 0.03125 0.0375
