0 0.8046875 0.24166666666666667 0.0171875 0.06875
2 0.6234375 0.0125 0.01875 0.025
2 0.584375 0.010416666666666666 0.0203125 0.022916666666666665
0 0.784375 0.23958333333333334 0.015625 0.06666666666666667
2 0.6109375 0.03333333333333333 0.0234375 0.03333333333333333
2 0.2515625 0.03125 0.0390625 0.03333333333333333
2 0.5984375 0.07916666666666666 0.028125 0.041666666666666664
2 0.2890625 0.44375 0.1328125 0.17291666666666666
2 0.1359375 0.09166666666666666 0.0765625 0.041666666666666664
2 0.440625 0.2375 0.078125 0.0875
2 0.284375 0.15 0.0671875 0.0625
