2 0.2515625 0.03125 0.0390625 0.03333333333333333
2 0.578125 0.020833333333333332 0.025 0.027083333333333334
2 0.4234375 0.025 0.034375 0.04583333333333333
2 0.05625 0.17708333333333334 0.0765625 0.07916666666666666
2 0.521875 0.21666666666666667 0.0546875 0.07916666666666666
2 0.5546875 0.058333333333333334 0.03125 0.0375
2 0.471875 0.05416666666666667 0.0390625 0.05416666666666667
2 0.0578125 0.46875 0.115625 0.20833333333333334
2 0.38125 0.08125 0.0390625 0.05416666666666667
2 0.3421875 0.07708333333333334 0.046875 0.058333333333333334
2 0.5171875 0.11041666666666666 0.0390625 0.05416666666666667
