2 0.39375 0.04791666666666667 0.025 0.03125
2 0.5109375 0.010416666666666666 0.025 0.020833333333333332
0 0.51875 0.12291666666666666 0.015625 0.05
2 0.425 0.029166666666666667 0.034375 0.0375
5 0.459375 0.029166666666666667 0.046875 0.058333333333333334
2 0.4921875 0.016666666666666666 0.028125 0.03333333333333333
5 0.603125 0.04583333333333333 0.03125 0.06666666666666667
2 0.2515625 0.03125 0.0390625 0.03333333333333333
2 0.3609375 0.06875 0.0390625 0.04583333333333333
2 0.565625 0.24791666666666667 0.109375 0.08541666666666667
2 0.959375 0.3333333333333333 0.078125 0.09166666666666666
2 0.8640625 0.26875 0.1375 0.075
2 0.6890625 0.2125 0.1015625 0.075
2 0.378125 0.0875 0.0453125 0.05416666666666667
2 0.3109375 0.09583333333333334 0.0546875 0.05416666666666667
2 0.1625 0.17708333333333334 0.0953125 0.07083333333333333
