0 0.85 0.1875 0.025 0.06666666666666667
5 0.5640625 0.1625 0.0921875 0.10833333333333334
2 0.5296875 0.1 0.0390625 0.04583333333333333
2 0.36875 0.06458333333333334 0.0390625 0.0375
2 0.2515625 0.03125 0.0390625 0.03333333333333333
2 0.434375 0.020833333333333332 0.034375 0.03333333333333333
2 0.8703125 0.31875 0.15625 0.09166666666666666
6 0.6484375 0.17083333333333334 0.196875 0.1875
2 0.290625 0.20416666666666666 0.1 0.06666666666666667
2 0.3140625 0.09166666666666666 0.0609375 0.06875
2 0.3640625 0.1 0.046875 0.05416666666666667
