2 0.4234375 0.09791666666666667 0.0390625 0.05416666666666667
0 0.6796875 0.14375 0.01875 0.05
5 0.315625 0.07708333333333334 0.05 0.08333333333333333
0 0.7875 0.16666666666666666 0.0171875 0.05
2 0.2515625 0.03125 0.0390625 0.03333333333333333
2 0.5125 0.008333333333333333 0.0265625 0.016666666666666666
2 0.49375 0.014583333333333334 0.0265625 0.03125
2 0.4640625 0.035416666666666666 0.03125 0.03333333333333333
2 0.64375 0.20208333333333334 0.0921875 0.075
2 0.5734375 0.0375 0.025 0.03333333333333333
2 0.58125 0.12291666666666666 0.034375 0.05
2 0.3765625 0.09166666666666666 0.0421875 0.05
