2 0.5890625 0.010416666666666666 0.025 0.022916666666666665
2 0.4265625 0.09375 0.0453125 0.05416666666666667
2 0.140625 0.8291666666666667 0.2828125 0.33125
2 0.49375 0.014583333333333334 0.0265625 0.03125
5 0.1078125 0.16041666666666668 0.0796875 0.15208333333333332
2 0.5625 0.041666666666666664 0.025 0.03333333333333333
6 0.1671875 0.1375 0.184375 0.18958333333333333
2 0.4265625 0.24583333333333332 0.06875 0.09166666666666666
2 0.2515625 0.17291666666666666 0.078125 0.08333333333333333
2 0.51875 0.11666666666666667 0.0421875 0.05416666666666667
2 0.346875 0.07708333333333334 0.0421875 0.05
