2 0.39375 0.04791666666666667 0.0265625 0.03125
2 0.4265625 0.029166666666666667 0.03125 0.0375
5 0.459375 0.029166666666666667 0.046875 0.058333333333333334
2 0.2515625 0.03125 0.0390625 0.03333333333333333
2 0.4921875 0.016666666666666666 0.03125 0.03333333333333333
2 0.628125 0.18541666666666667 0.0859375 0.06875
2 0.596875 0.08958333333333333 0.03125 0.041666666666666664
2 0.3609375 0.06875 0.0390625 0.04583333333333333
5 0.9046875 0.22291666666666668 0.1375 0.1875
5 0.953125 0.32083333333333336 0.090625 0.25625
2 0.3140625 0.09583333333333334 0.053125 0.05416666666666667
2 0.7265625 0.41041666666666665 0.196875 0.14375
2 0.378125 0.08958333333333333 0.0453125 0.05
