6 0.3203125 0.0625 0.0984375 0.125
2 0.475 0.03125 0.0265625 0.029166666666666667
2 0.4015625 0.07708333333333334 0.0421875 0.05
2 0.3875 0.05416666666666667 0.0390625 0.04583333333333333
4 0.559375 0.058333333333333334 0.0546875 0.10833333333333334
5 0.2140625 0.12291666666666666 0.0578125 0.10833333333333334
2 0.5453125 0.15208333333333332 0.0390625 0.0625
2 0.4640625 0.0625 0.0390625 0.04583333333333333
2 0.4984375 0.0125 0.0265625 0.027083333333333334
2 0.43125 0.03333333333333333 0.0265625 0.03333333333333333
6 0.2484375 0.09791666666666667 0.1109375 0.13541666666666666
2 0.43125 0.08541666666666667 0.0421875 0.05416666666666667
2 0.0703125 0.28125 0.1375 0.17291666666666666
2 0.3171875 0.3854166666666667 0.16875 0.24791666666666667
2 0.2796875 0.15833333333333333 0.0796875 0.07708333333333334
