2 0.4546875 0.029166666666666667 0.0390625 0.058333333333333334
4 0.596875 0.03333333333333333 0.034375 0.0625
5 0.25 0.11458333333333333 0.078125 0.1
5 0.38125 0.075 0.0390625 0.075
2 0.49375 0.016666666666666666 0.03125 0.03333333333333333
2 0.1328125 0.9395833333333333 0.2234375 0.11666666666666667
2 0.41875 0.09791666666666667 0.046875 0.058333333333333334
2 0.4625 0.06875 0.0375 0.04583333333333333
2 0.2390625 0.5229166666666667 0.1734375 0.24583333333333332
2 0.2515625 0.17291666666666666 0.0796875 0.07916666666666666
