2 0.40625 0.07291666666666667 0.0390625 0.04583333333333333
5 0.50625 0.0125 0.0421875 0.027083333333333334
5 0.5859375 0.022916666666666665 0.0375 0.04583333333333333
2 0.4609375 0.03958333333333333 0.034375 0.0375
2 0.43125 0.0875 0.0421875 0.05416666666666667
2 0.5640625 0.058333333333333334 0.0265625 0.04583333333333333
5 0.01875 0.23125 0.0390625 0.1875
2 0.4375 0.022916666666666665 0.03125 0.041666666666666664
6 0.078125 0.18958333333333333 0.1578125 0.23333333333333334
2 0.3796875 0.0625 0.034375 0.0375
2 0.4640625 0.0625 0.0390625 0.05
2 0.5109375 0.12083333333333333 0.053125 0.09375
6 0.196875 0.11666666666666667 0.15 0.17291666666666666
2 0.3234375 0.0875 0.053125 0.058333333333333334
2 0.2515625 0.17291666666666666 0.0828125 0.08333333333333333
