2 0.4578125 0.03333333333333333 0.03125 0.0375
2 0.8140625 0.89375 0.3671875 0.2125
0 0.8421875 0.2875 0.0234375 0.0875
2 0.51875 0.022916666666666665 0.03125 0.04583333333333333
2 0.446875 0.19791666666666666 0.0796875 0.1375
2 0.3859375 0.058333333333333334 0.03125 0.03333333333333333
2 0.2515625 0.03125 0.0390625 0.0375
5 0.1203125 0.15 0.1015625 0.17708333333333334
2 0.5515625 0.06041666666666667 0.0265625 0.0375
2 0.5484375 0.17916666666666667 0.0453125 0.0625
2 0.490625 0.04583333333333333 0.028125 0.0375
2 0.4671875 0.06875 0.034375 0.04583333333333333
2 0.409375 0.475 0.134375 0.24375
2 0.578125 0.027083333333333334 0.01875 0.029166666666666667
2 0.0578125 0.3104166666666667 0.115625 0.12708333333333333
2 0.4390625 0.09166666666666666 0.0390625 0.05
2 0.2140625 0.525 0.1765625 0.24375
2 0.384375 0.08541666666666667 0.034375 0.05
