5 0.459375 0.029166666666666667 0.046875 0.058333333333333334
2 0.425 0.029166666666666667 0.034375 0.0375
6 0.6 0.1 0.10625 0.18125
2 0.2515625 0.03125 0.0390625 0.0375
5 0.0390625 0.27291666666666664 0.0796875 0.2520833333333333
2 0.4921875 0.016666666666666666 0.028125 0.03333333333333333
6 0.296875 0.24791666666666667 0.4921875 0.2604166666666667
2 0.3609375 0.06875 0.0390625 0.04583333333333333
2 0.378125 0.0875 0.0453125 0.05416666666666667
2 0.3140625 0.09583333333333334 0.053125 0.05416666666666667
