2 0.59375 0.010416666666666666 0.01875 0.020833333333333332
5 0.3171875 0.10416666666666667 0.0546875 0.0875
2 0.0640625 0.22916666666666666 0.1296875 0.125
2 0.4328125 0.05416666666666667 0.0375 0.04583333333333333
2 0.521875 0.020833333333333332 0.0265625 0.03333333333333333
6 0.375 0.28541666666666665 0.1453125 0.23125
2 0.25625 0.10833333333333334 0.0828125 0.10833333333333334
2 0.540625 0.07916666666666666 0.03125 0.04583333333333333
2 0.4859375 0.020833333333333332 0.0265625 0.03333333333333333
6 0.3421875 0.08333333333333333 0.0859375 0.11875
