2 0.3796875 0.06666666666666667 0.0375 0.041666666666666664
2 0.6546875 0.10208333333333333 0.0671875 0.08333333333333333
2 0.6109375 0.06666666666666667 0.0546875 0.06875
2 0.4625 0.035416666666666666 0.03125 0.03333333333333333
2 0.528125 0.016666666666666666 0.0265625 0.03333333333333333
2 0.453125 0.075 0.0390625 0.04583333333333333
2 0.4828125 0.016666666666666666 0.0265625 0.03125
2 0.43125 0.05416666666666667 0.034375 0.0375
2 0.5078125 0.03333333333333333 0.0265625 0.0375
2 0.4234375 0.09791666666666667 0.046875 0.058333333333333334
2 0.18125 0.18125 0.109375 0.06875
2 0.3828125 0.08333333333333333 0.0390625 0.058333333333333334
2 0.4875 0.05 0.03125 0.0375
2 0.3359375 0.0875 0.0421875 0.04583333333333333
