0 0.1890625 0.12291666666666666 0.015625 0.04583333333333333
5 0.2953125 0.13541666666666666 0.071875 0.0875
2 0.3921875 0.05416666666666667 0.0203125 0.029166666666666667
2 0.29375 0.13333333333333333 0.0765625 0.09375
2 0.2515625 0.03125 0.0390625 0.03333333333333333
5 0.315625 0.0625 0.0859375 0.11458333333333333
5 0.4828125 0.01875 0.034375 0.0375
2 0.434375 0.027083333333333334 0.03125 0.0375
2 0.4625 0.07083333333333333 0.034375 0.04583333333333333
2 0.415625 0.0625 0.0375 0.04583333333333333
2 0.4609375 0.035416666666666666 0.0265625 0.03333333333333333
2 0.4296875 0.09375 0.046875 0.058333333333333334
2 0.365625 0.09791666666666667 0.046875 0.05416666666666667
