2 0.590625 0.008333333333333333 0.0171875 0.01875
0 0.8375 0.26458333333333334 0.0203125 0.07916666666666666
2 0.4921875 0.014583333333333334 0.025 0.03125
2 0.2515625 0.03125 0.0390625 0.03333333333333333
2 0.490625 0.04583333333333333 0.028125 0.0375
2 0.434375 0.05 0.034375 0.041666666666666664
2 0.925 0.8625 0.15 0.26875
2 0.4390625 0.09375 0.0390625 0.05
2 0.4703125 0.06875 0.034375 0.04583333333333333
2 0.571875 0.027083333333333334 0.0203125 0.03125
2 0.503125 0.28125 0.078125 0.13333333333333333
2 0.5015625 0.12083333333333333 0.0546875 0.10208333333333333
2 0.3796875 0.3020833333333333 0.09375 0.125
2 0.5765625 0.10833333333333334 0.03125 0.04583333333333333
2 0.353125 0.07708333333333334 0.0421875 0.04583333333333333
2 0.3296875 0.12291666666666666 0.0546875 0.058333333333333334
