5 0.4234375 0.09791666666666667 0.0390625 0.05416666666666667
2 0.4546875 0.0125 0.0265625 0.025
2 0.4546875 0.07708333333333334 0.0390625 0.04583333333333333
2 0.2515625 0.03125 0.0390625 0.03333333333333333
2 0.43125 0.029166666666666667 0.0375 0.04583333333333333
6 0.21875 0.11458333333333333 0.1296875 0.15416666666666667
2 0.175 0.6020833333333333 0.2109375 0.2625
2 0.5703125 0.029166666666666667 0.025 0.03333333333333333
5 0.1796875 0.13541666666666666 0.0640625 0.12291666666666666
2 0.5421875 0.07083333333333333 0.03125 0.04583333333333333
2 0.2953125 0.1375 0.0671875 0.07708333333333334
2 0.5296875 0.014583333333333334 0.0265625 0.03125
5 0.621875 0.014583333333333334 0.0265625 0.03125
2 0.2796875 0.7145833333333333 0.2109375 0.3458333333333333
2 0.3609375 0.06875 0.046875 0.05
2 0.5390625 0.19375 0.046875 0.06875
