0 0.75625 0.15625 0.0125 0.05416666666666667
5 0.321875 0.07083333333333333 0.0640625 0.09375
0 0.65625 0.14375 0.015625 0.05416666666666667
2 0.428125 0.09583333333333334 0.0421875 0.05416666666666667
2 0.515625 0.00625 0.025 0.014583333333333334
2 0.2515625 0.03125 0.0390625 0.03333333333333333
2 0.4640625 0.035416666666666666 0.028125 0.03333333333333333
2 0.49375 0.014583333333333334 0.0265625 0.03125
2 0.7796875 0.25 0.1171875 0.07708333333333334
2 0.6 0.16458333333333333 0.0640625 0.06875
2 0.553125 0.07083333333333333 0.028125 0.041666666666666664
2 0.3765625 0.09166666666666666 0.0453125 0.05
