6 0.340625 0.058333333333333334 0.11875 0.11666666666666667
2 0.359375 0.3333333333333333 0.0953125 0.13333333333333333
2 0.3875 0.0875 0.0375 0.041666666666666664
2 0.4546875 0.075 0.0375 0.05
2 0.4484375 0.2125 0.0578125 0.07708333333333334
5 0.296875 0.06875 0.0609375 0.11041666666666666
2 0.0625 0.8395833333333333 0.1265625 0.30625
2 0.5609375 0.15625 0.0390625 0.058333333333333334
2 0.4875 0.016666666666666666 0.0265625 0.03125
2 0.11875 0.2125 0.10625 0.09166666666666666
2 0.4875 0.05 0.03125 0.0375
2 0.4515625 0.041666666666666664 0.03125 0.03333333333333333
2 0.53125 0.016666666666666666 0.03125 0.03333333333333333
2 0.359375 0.6104166666666667 0.18125 0.29375
2 0.2609375 0.16666666666666666 0.0765625 0.07916666666666666
2 0.5078125 0.03333333333333333 0.0265625 0.0375
