2 0.3921875 0.04791666666666667 0.0265625 0.03125
5 0.596875 0.10625 0.05 0.09375
2 0.425 0.03125 0.034375 0.041666666666666664
2 0.7234375 0.22083333333333333 0.1109375 0.06666666666666667
2 0.425 0.0625 0.034375 0.04583333333333333
2 0.2515625 0.03125 0.0390625 0.0375
2 0.4921875 0.016666666666666666 0.028125 0.03333333333333333
2 0.95 0.28541666666666665 0.0953125 0.075
2 0.3609375 0.06875 0.0390625 0.041666666666666664
2 0.3140625 0.09583333333333334 0.053125 0.05416666666666667
2 0.3765625 0.0875 0.0421875 0.05416666666666667
2 0.7390625 0.2833333333333333 0.1421875 0.09375
4 0.1390625 0.14375 0.24375 0.15416666666666667
