1 0.6046875 0.15416666666666667 0.03125 0.07708333333333334
2 0.36875 0.0625 0.0390625 0.041666666666666664
2 0.2515625 0.03125 0.0390625 0.03333333333333333
2 0.3640625 0.09375 0.0453125 0.04583333333333333
2 0.596875 0.014583333333333334 0.01875 0.029166666666666667
2 0.834375 0.31666666666666665 0.153125 0.0875
2 0.5796875 0.21458333333333332 0.1109375 0.07083333333333333
2 0.3140625 0.09166666666666666 0.0578125 0.06666666666666667
4 0.1796875 0.40208333333333335 0.3609375 0.3375
4 0.325 0.18125 0.2828125 0.16458333333333333
