2 0.415625 0.10208333333333333 0.046875 0.0625
2 0.3703125 0.06041666666666667 0.0390625 0.041666666666666664
5 0.5984375 0.04583333333333333 0.0421875 0.09375
2 0.459375 0.020833333333333332 0.0265625 0.025
2 0.440625 0.041666666666666664 0.0375 0.041666666666666664
2 0.45625 0.07083333333333333 0.0375 0.04583333333333333
2 0.3765625 0.0875 0.05 0.06666666666666667
2 0.6671875 0.18958333333333333 0.084375 0.07708333333333334
2 0.3984375 0.21458333333333332 0.1296875 0.09375
2 0.328125 0.09166666666666666 0.05 0.05
5 0.9671875 0.2375 0.0625 0.19583333333333333
