5 0.2390625 0.09791666666666667 0.075 0.1375
2 0.03125 0.26666666666666666 0.0625 0.13541666666666666
2 0.4234375 0.09791666666666667 0.046875 0.058333333333333334
2 0.4328125 0.05 0.034375 0.03333333333333333
2 0.453125 0.075 0.0390625 0.04583333333333333
2 0.5078125 0.03333333333333333 0.0265625 0.0375
2 0.4765625 0.3541666666666667 0.090625 0.13541666666666666
2 0.478125 0.027083333333333334 0.0265625 0.03333333333333333
2 0.4328125 0.22916666666666666 0.0671875 0.08541666666666667
2 0.58125 0.11041666666666666 0.03125 0.04583333333333333
2 0.171875 0.22708333333333333 0.1015625 0.10833333333333334
2 0.4875 0.05 0.03125 0.0375
2 0.4921875 0.15 0.0421875 0.058333333333333334
2 0.353125 0.11041666666666666 0.0546875 0.05
2 0.53125 0.016666666666666666 0.028125 0.03333333333333333
2 0.228125 0.5125 0.16875 0.22291666666666668
6 0.2890625 0.07916666666666666 0.1734375 0.16041666666666668
