2 0.509375 0.0125 0.01875 0.020833333333333332
0 0.690625 0.15833333333333333 0.01875 0.05416666666666667
2 0.2515625 0.03125 0.0390625 0.03333333333333333
2 0.4375 0.022916666666666665 0.0265625 0.03333333333333333
5 0.4859375 0.020833333333333332 0.034375 0.0375
5 0.609375 0.03125 0.0375 0.0625
6 0.3484375 0.05 0.0765625 0.1
2 0.434375 0.05 0.034375 0.041666666666666664
5 0.3296875 0.0625 0.0421875 0.08541666666666667
2 0.4625 0.03333333333333333 0.0265625 0.03333333333333333
2 0.4296875 0.09375 0.046875 0.058333333333333334
2 0.0375 0.14375 0.075 0.07708333333333334
2 0.9703125 0.27708333333333335 0.0546875 0.09375
2 0.5625 0.17083333333333334 0.075 0.07916666666666666
2 0.7640625 0.24166666666666667 0.1234375 0.07708333333333334
2 0.2078125 0.18125 0.084375 0.0625
