5 0.415625 0.10208333333333333 0.05 0.0625
2 0.371875 0.06041666666666667 0.0390625 0.041666666666666664
6 0.8890625 0.22083333333333333 0.215625 0.25416666666666665
2 0.4546875 0.07708333333333334 0.0375 0.04583333333333333
2 0.440625 0.041666666666666664 0.0375 0.041666666666666664
2 0.3765625 0.0875 0.05 0.06666666666666667
2 0.459375 0.020833333333333332 0.0265625 0.025
5 0.7609375 0.1875 0.1 0.18541666666666667
2 0.5953125 0.13333333333333333 0.0421875 0.058333333333333334
2 0.1203125 0.16875 0.1078125 0.07708333333333334
2 0.328125 0.09166666666666666 0.05 0.05
