2 0.3703125 0.08541666666666667 0.0578125 0.08333333333333333
2 0.2515625 0.03125 0.0390625 0.03333333333333333
2 0.1984375 0.2125 0.0859375 0.09166666666666666
0 0.81875 0.3416666666666667 0.025 0.08541666666666667
6 0.36875 0.04583333333333333 0.075 0.09166666666666666
2 0.4640625 0.008333333333333333 0.0265625 0.01875
0 0.846875 0.35 0.028125 0.09166666666666666
5 0.3453125 0.04791666666666667 0.0421875 0.08541666666666667
2 0.478125 0.18958333333333333 0.0546875 0.07708333333333334
6 0.1265625 0.16875 0.24375 0.2916666666666667
2 0.546875 0.08125 0.03125 0.041666666666666664
2 0.50625 0.010416666666666666 0.025 0.022916666666666665
2 0.3078125 0.425 0.1375 0.1875
2 0.478125 0.022916666666666665 0.0265625 0.03125
2 0.3296875 0.6916666666666667 0.1921875 0.34791666666666665
2 0.440625 0.05 0.034375 0.0375
