0 0.8015625 0.16875 0.0171875 0.05416666666666667
2 0.4234375 0.1 0.0390625 0.058333333333333334
0 0.690625 0.14166666666666666 0.015625 0.05
5 0.3171875 0.075 0.0578125 0.0875
2 0.2515625 0.03125 0.0390625 0.03333333333333333
2 0.5109375 0.008333333333333333 0.0265625 0.016666666666666666
2 0.6125 0.18333333333333332 0.078125 0.06875
2 0.4640625 0.035416666666666666 0.028125 0.03333333333333333
2 0.49375 0.014583333333333334 0.0265625 0.03125
2 0.584375 0.10833333333333334 0.03125 0.05
2 0.578125 0.029166666666666667 0.0234375 0.029166666666666667
2 0.3765625 0.09166666666666666 0.0453125 0.05
