2 0.4625 0.016666666666666666 0.025 0.029166666666666667
2 0.2515625 0.03333333333333333 0.0390625 0.0375
6 0.3640625 0.04583333333333333 0.0828125 0.09375
5 0.2875 0.07916666666666666 0.0421875 0.08333333333333333
2 0.509375 0.010416666666666666 0.0203125 0.020833333333333332
2 0.4578125 0.041666666666666664 0.034375 0.0375
2 0.575 0.03125 0.0203125 0.029166666666666667
2 0.4921875 0.016666666666666666 0.0265625 0.027083333333333334
2 0.425 0.03333333333333333 0.034375 0.041666666666666664
2 0.465625 0.0625 0.0375 0.05
2 0.3890625 0.08333333333333333 0.0390625 0.04583333333333333
2 0.1578125 0.225 0.1140625 0.11666666666666667
5 0.2859375 0.14375 0.078125 0.0875
2 0.4875 0.3145833333333333 0.0796875 0.12708333333333333
2 0.43125 0.0875 0.0421875 0.05416666666666667
6 0.3171875 0.06666666666666667 0.09375 0.11666666666666667
4 0.5234375 0.11458333333333333 0.1140625 0.15416666666666667
