2 0.4375 0.025 0.0265625 0.0375
2 0.378125 0.08125 0.053125 0.06875
2 0.50625 0.010416666666666666 0.0203125 0.022916666666666665
2 0.2515625 0.03125 0.0390625 0.03333333333333333
2 0.434375 0.04583333333333333 0.03125 0.0375
2 0.54375 0.010416666666666666 0.0203125 0.020833333333333332
0 0.203125 0.11666666666666667 0.01875 0.05416666666666667
6 0.3484375 0.052083333333333336 0.075 0.1
5 0.3296875 0.06666666666666667 0.0421875 0.08333333333333333
2 0.4296875 0.09375 0.046875 0.058333333333333334
2 0.4625 0.035416666666666666 0.0265625 0.03333333333333333
2 0.4578125 0.18333333333333332 0.09375 0.07083333333333333
2 0.2359375 0.23333333333333334 0.1234375 0.07708333333333334
