2 0.425 0.09375 0.0453125 0.058333333333333334
2 0.425 0.44166666666666665 0.1078125 0.17083333333333334
2 0.2515625 0.03333333333333333 0.0421875 0.0375
2 0.2734375 0.16666666666666666 0.0765625 0.07083333333333333
2 0.425 0.24583333333333332 0.06875 0.09166666666666666
2 0.3546875 0.10833333333333334 0.053125 0.05416666666666667
2 0.1875 0.5625 0.2078125 0.27708333333333335
2 0.2109375 0.15208333333333332 0.078125 0.07708333333333334
2 0.36875 0.06666666666666667 0.0421875 0.041666666666666664
2 0.471875 0.029166666666666667 0.034375 0.04583333333333333
2 0.290625 0.06875 0.0546875 0.04583333333333333
