2 0.509375 0.0125 0.01875 0.020833333333333332
2 0.378125 0.08125 0.05 0.06875
2 0.2515625 0.03125 0.0390625 0.03333333333333333
0 0.9609375 0.19166666666666668 0.0234375 0.07708333333333334
6 0.3515625 0.05 0.075 0.1
5 0.3296875 0.06041666666666667 0.0421875 0.08541666666666667
2 0.4625 0.03333333333333333 0.0265625 0.03333333333333333
2 0.4296875 0.09375 0.046875 0.058333333333333334
2 0.4359375 0.04583333333333333 0.028125 0.0375
2 0.5703125 0.041666666666666664 0.025 0.03333333333333333
2 0.5921875 0.125 0.046875 0.075
