0 0.78125 0.23333333333333334 0.015625 0.06666666666666667
0 0.8015625 0.23333333333333334 0.0171875 0.06666666666666667
5 0.396875 0.06458333333333334 0.0546875 0.07916666666666666
2 0.2515625 0.03125 0.0390625 0.03333333333333333
2 0.61875 0.020833333333333332 0.0203125 0.029166666666666667
2 0.0796875 0.825 0.1609375 0.33958333333333335
2 0.4796875 0.17916666666666667 0.0609375 0.06875
2 0.384375 0.3104166666666667 0.0859375 0.11875
2 0.609375 0.05416666666666667 0.025 0.0375
2 0.20625 0.19791666666666666 0.0859375 0.08541666666666667
2 0.059375 0.09375 0.0796875 0.041666666666666664
