0 0.6640625 0.16041666666666668 0.01875 0.058333333333333334
0 0.596875 0.12916666666666668 0.01875 0.058333333333333334
2 0.940625 0.33125 0.1140625 0.09375
2 0.38125 0.09166666666666666 0.0390625 0.04583333333333333
2 0.2515625 0.027083333333333334 0.0390625 0.03125
6 0.3390625 0.05625 0.0953125 0.11458333333333333
2 0.4796875 0.027083333333333334 0.0265625 0.03333333333333333
2 0.4984375 0.0125 0.0234375 0.027083333333333334
2 0.16875 0.1875 0.0984375 0.058333333333333334
2 0.5203125 0.2375 0.1296875 0.08541666666666667
2 0.7578125 0.24166666666666667 0.1265625 0.07708333333333334
