2 0.2515625 0.03125 0.0390625 0.03333333333333333
2 0.45625 0.07708333333333334 0.0375 0.05
5 0.621875 0.014583333333333334 0.0265625 0.03125
5 0.45625 0.01875 0.046875 0.0375
2 0.60625 0.06875 0.0265625 0.0375
2 0.5796875 0.016666666666666666 0.0203125 0.029166666666666667
2 0.4875 0.05416666666666667 0.03125 0.041666666666666664
2 0.3765625 0.625 0.153125 0.26666666666666666
2 0.5296875 0.2520833333333333 0.0625 0.08541666666666667
2 0.5796875 0.12708333333333333 0.0390625 0.058333333333333334
