6 0.0734375 0.20625 0.1453125 0.24375
0 0.81875 0.27291666666666664 0.01875 0.07708333333333334
0 0.7921875 0.2708333333333333 0.01875 0.075
2 0.0265625 0.09583333333333334 0.053125 0.04583333333333333
2 0.1296875 0.6979166666666666 0.259375 0.375
2 0.5875 0.0125 0.0203125 0.027083333333333334
2 0.525 0.24583333333333332 0.0625 0.09375
2 0.140625 0.24166666666666667 0.109375 0.11041666666666666
2 0.2515625 0.03125 0.0390625 0.03333333333333333
5 0.4828125 0.020833333333333332 0.034375 0.041666666666666664
2 0.55625 0.05416666666666667 0.0265625 0.0375
2 0.315625 0.0625 0.05 0.041666666666666664
2 0.3078125 0.13541666666666666 0.0546875 0.058333333333333334
2 0.609375 0.058333333333333334 0.025 0.0375
2 0.584375 0.10208333333333333 0.034375 0.05
2 0.4078125 0.06875 0.0390625 0.04583333333333333
