0 0.10625 0.09166666666666666 0.0125 0.05
0 0.2 0.11041666666666666 0.015625 0.058333333333333334
5 0.4984375 0.010416666666666666 0.0265625 0.022916666666666665
2 0.609375 0.035416666666666666 0.025 0.041666666666666664
0 0.8578125 0.2 0.0203125 0.06875
2 0.4390625 0.09166666666666666 0.0390625 0.05
5 0.45625 0.03125 0.05 0.0625
6 0.3234375 0.06875 0.1453125 0.13958333333333334
5 0.25 0.1 0.0796875 0.11458333333333333
6 0.43125 0.3875 0.184375 0.38333333333333336
2 0.0390625 0.32083333333333336 0.078125 0.15625
2 0.46875 0.06875 0.0375 0.04583333333333333
2 0.4890625 0.04583333333333333 0.03125 0.0375
2 0.565625 0.03333333333333333 0.0265625 0.0375
2 0.515625 0.11875 0.0421875 0.058333333333333334
2 0.33125 0.11875 0.0546875 0.0625
