0 0.8671875 0.39375 0.034375 0.09166666666666666
2 0.603125 0.029166666666666667 0.0203125 0.03125
2 0.3984375 0.07708333333333334 0.0421875 0.05
2 0.1015625 0.20416666666666666 0.125 0.11666666666666667
2 0.4328125 0.24166666666666667 0.0703125 0.0875
2 0.509375 0.29583333333333334 0.071875 0.10833333333333334
2 0.5375 0.0875 0.034375 0.05
2 0.49375 0.016666666666666666 0.0265625 0.029166666666666667
2 0.471875 0.05625 0.0390625 0.05
2 0.2875 0.15 0.0765625 0.075
2 0.353125 0.07916666666666666 0.046875 0.04583333333333333
2 0.184375 0.5770833333333333 0.228125 0.30416666666666664
