5 0.4234375 0.052083333333333336 0.034375 0.05
2 0.5171875 0.00625 0.0203125 0.014583333333333334
2 0.49375 0.016666666666666666 0.0265625 0.03333333333333333
5 0.05625 0.19166666666666668 0.103125 0.18541666666666667
2 0.5875 0.0125 0.0171875 0.025
6 0.43125 0.0375 0.0609375 0.07708333333333334
2 0.2921875 0.10208333333333333 0.0625 0.06875
6 0.1171875 0.15625 0.1734375 0.20416666666666666
2 0.54375 0.07916666666666666 0.03125 0.041666666666666664
2 0.403125 0.275 0.078125 0.10208333333333333
2 0.3140625 0.125 0.0703125 0.08541666666666667
