0 0.6140625 0.14583333333333334 0.0171875 0.05416666666666667
0 0.5921875 0.13125 0.0125 0.05416666666666667
0 0.546875 0.13958333333333334 0.0171875 0.058333333333333334
2 0.36875 0.0625 0.0390625 0.041666666666666664
2 0.2515625 0.03125 0.0390625 0.03333333333333333
2 0.5140625 0.18333333333333332 0.071875 0.07708333333333334
6 0.7875 0.19791666666666666 0.228125 0.18958333333333333
2 0.2359375 0.20208333333333334 0.09375 0.058333333333333334
2 0.3640625 0.09791666666666667 0.046875 0.05416666666666667
2 0.3140625 0.08958333333333333 0.0609375 0.06875
2 0.0265625 0.15416666666666667 0.0546875 0.058333333333333334
