5 0.621875 0.014583333333333334 0.0265625 0.03125
2 0.2515625 0.03125 0.0390625 0.03333333333333333
2 0.26875 0.07708333333333334 0.0625 0.04583333333333333
2 0.45625 0.07708333333333334 0.0375 0.04583333333333333
2 0.4640625 0.20208333333333334 0.0625 0.08333333333333333
2 0.5921875 0.0625 0.0203125 0.0375
2 0.5390625 0.08541666666666667 0.034375 0.041666666666666664
2 0.4984375 0.041666666666666664 0.028125 0.0375
2 0.2484375 0.12916666666666668 0.078125 0.0875
2 0.546875 0.11875 0.034375 0.05
