5 0.303125 0.07708333333333334 0.0390625 0.0875
2 0.4328125 0.0875 0.046875 0.05416666666666667
2 0.509375 0.010416666666666666 0.0203125 0.020833333333333332
2 0.465625 0.0625 0.0390625 0.05
2 0.4953125 0.014583333333333334 0.025 0.027083333333333334
2 0.453125 0.3958333333333333 0.10625 0.17708333333333334
2 0.4109375 0.07083333333333333 0.0421875 0.05
2 0.56875 0.041666666666666664 0.025 0.03333333333333333
6 0.328125 0.058333333333333334 0.0859375 0.11458333333333333
2 0.584375 0.0125 0.0203125 0.025
2 0.46875 0.0375 0.03125 0.0375
2 0.434375 0.03125 0.034375 0.041666666666666664
5 0.3171875 0.12291666666666666 0.06875 0.07916666666666666
2 0.2203125 0.18125 0.0875 0.09791666666666667
2 0.1015625 0.20625 0.109375 0.11041666666666666
4 0.50625 0.13333333333333333 0.1578125 0.17083333333333334
