5 0.4390625 0.08541666666666667 0.0421875 0.05416666666666667
2 0.409375 0.06458333333333334 0.0421875 0.05
2 0.2515625 0.03125 0.0390625 0.03333333333333333
2 0.1875 0.6333333333333333 0.228125 0.28958333333333336
2 0.565625 0.04583333333333333 0.025 0.03333333333333333
2 0.109375 0.30625 0.078125 0.10833333333333334
2 0.471875 0.05416666666666667 0.0390625 0.05416666666666667
2 0.0375 0.175 0.0625 0.058333333333333334
2 0.475 0.18125 0.0609375 0.075
2 0.525 0.10833333333333334 0.0390625 0.05416666666666667
