2 0.253125 0.03125 0.0375 0.03333333333333333
2 0.39375 0.08333333333333333 0.046875 0.05
2 0.4140625 0.04375 0.034375 0.03333333333333333
2 0.4515625 0.041666666666666664 0.028125 0.0375
2 0.4375 0.08333333333333333 0.0421875 0.05416666666666667
2 0.56875 0.125 0.0375 0.05
2 0.434375 0.23333333333333334 0.0703125 0.0875
2 0.1453125 0.65625 0.215625 0.28125
2 0.503125 0.0125 0.0265625 0.025
2 0.471875 0.05416666666666667 0.0390625 0.05416666666666667
2 0.2859375 0.7958333333333333 0.2234375 0.4
2 0.3046875 0.09791666666666667 0.0609375 0.06875
