5 0.6078125 0.008333333333333333 0.0265625 0.01875
2 0.4484375 0.075 0.0375 0.05
5 0.421875 0.09791666666666667 0.05 0.0625
5 0.578125 0.022916666666666665 0.034375 0.04583333333333333
2 0.2515625 0.03125 0.0390625 0.03333333333333333
2 0.5375 0.0125 0.025 0.027083333333333334
2 0.0640625 0.8333333333333334 0.1296875 0.325
2 0.6109375 0.052083333333333336 0.0203125 0.03333333333333333
2 0.5296875 0.225 0.0578125 0.0875
2 0.4671875 0.18125 0.0671875 0.1
2 0.534375 0.09166666666666666 0.034375 0.05
2 0.4796875 0.05416666666666667 0.034375 0.041666666666666664
