2 0.4578125 0.01875 0.0234375 0.029166666666666667
2 0.484375 0.020833333333333332 0.034375 0.0375
2 0.4375 0.025 0.0265625 0.0375
5 0.3265625 0.07083333333333333 0.0421875 0.07083333333333333
2 0.2515625 0.03125 0.0390625 0.03333333333333333
2 0.4359375 0.04791666666666667 0.03125 0.0375
2 0.4625 0.03333333333333333 0.0265625 0.03333333333333333
5 0.371875 0.0875 0.0546875 0.07083333333333333
2 0.4296875 0.09375 0.046875 0.058333333333333334
6 0.346875 0.05 0.0765625 0.1
2 0.5265625 0.020833333333333332 0.034375 0.041666666666666664
2 0.4765625 0.06041666666666667 0.034375 0.041666666666666664
