2 0.4140625 0.06666666666666667 0.0421875 0.04583333333333333
2 0.45625 0.0375 0.0265625 0.03125
2 0.4546875 0.075 0.034375 0.04583333333333333
2 0.484375 0.01875 0.025 0.029166666666666667
2 0.5078125 0.03333333333333333 0.0265625 0.03333333333333333
2 0.271875 0.125 0.0546875 0.058333333333333334
2 0.4875 0.05 0.03125 0.0375
2 0.5296875 0.016666666666666666 0.034375 0.03333333333333333
2 0.3078125 0.13541666666666666 0.0640625 0.075
2 0.3421875 0.08541666666666667 0.0453125 0.04583333333333333
