2 0.59375 0.008333333333333333 0.01875 0.01875
6 0.4640625 0.04583333333333333 0.0578125 0.09166666666666666
2 0.3984375 0.07708333333333334 0.0390625 0.04583333333333333
2 0.425 0.09375 0.0421875 0.058333333333333334
2 0.2515625 0.03125 0.0390625 0.03333333333333333
2 0.575 0.027083333333333334 0.0203125 0.029166666666666667
2 0.3796875 0.06041666666666667 0.0390625 0.041666666666666664
2 0.5734375 0.058333333333333334 0.025 0.0375
2 0.6109375 0.03958333333333333 0.0265625 0.04583333333333333
2 0.2609375 0.45208333333333334 0.1453125 0.1875
2 0.471875 0.2833333333333333 0.06875 0.1
2 0.5546875 0.17916666666666667 0.046875 0.06875
5 0.3234375 0.11875 0.078125 0.0875
2 0.0984375 0.21666666666666667 0.1078125 0.0875
2 0.909375 0.8604166666666667 0.18125 0.27291666666666664
2 0.50625 0.12916666666666668 0.0421875 0.058333333333333334
