2 0.4921875 0.016666666666666666 0.01875 0.022916666666666665
2 0.46875 0.0125 0.025 0.025
2 0.3875 0.075 0.046875 0.06875
2 0.796875 0.90625 0.29375 0.17708333333333334
2 0.3625 0.06666666666666667 0.034375 0.05
2 0.5890625 0.010416666666666666 0.01875 0.022916666666666665
2 0.16875 0.1875 0.1375 0.20208333333333334
2 0.2515625 0.03125 0.0390625 0.03333333333333333
2 0.4609375 0.03333333333333333 0.03125 0.041666666666666664
2 0.1828125 0.8270833333333333 0.3390625 0.3375
5 0.51875 0.022916666666666665 0.046875 0.04583333333333333
2 0.4296875 0.03333333333333333 0.03125 0.0375
2 0.046875 0.84375 0.09375 0.28541666666666665
2 0.428125 0.09375 0.0421875 0.058333333333333334
2 0.2859375 0.1125 0.0578125 0.05416666666666667
2 0.315625 0.13333333333333333 0.053125 0.058333333333333334
