2 0.5890625 0.010416666666666666 0.01875 0.020833333333333332
6 0.4640625 0.04583333333333333 0.0578125 0.09166666666666666
2 0.428125 0.09375 0.0421875 0.05416666666666667
2 0.2515625 0.03125 0.0390625 0.03333333333333333
2 0.58125 0.12291666666666666 0.0375 0.05
5 0.2390625 0.17083333333333334 0.109375 0.11666666666666667
2 0.396875 0.26666666666666666 0.0828125 0.10625
2 0.5421875 0.07916666666666666 0.03125 0.041666666666666664
2 0.5796875 0.027083333333333334 0.0203125 0.03125
2 0.61875 0.020833333333333332 0.0234375 0.041666666666666664
2 0.321875 0.09583333333333334 0.053125 0.05416666666666667
2 0.3 0.6979166666666666 0.184375 0.3125
2 0.5171875 0.17083333333333334 0.0421875 0.06666666666666667
2 0.35625 0.10625 0.046875 0.05416666666666667
