2 0.4046875 0.041666666666666664 0.03125 0.0375
2 0.4484375 0.01875 0.0265625 0.03125
2 0.3078125 0.11666666666666667 0.084375 0.10833333333333334
2 0.2515625 0.03125 0.0390625 0.03333333333333333
2 0.565625 0.041666666666666664 0.0265625 0.03333333333333333
2 0.43125 0.04583333333333333 0.0421875 0.05
2 0.3453125 0.07708333333333334 0.0390625 0.04583333333333333
2 0.475 0.027083333333333334 0.028125 0.0375
2 0.3828125 0.08541666666666667 0.0390625 0.05
2 0.428125 0.09375 0.0421875 0.058333333333333334
