2 0.5109375 0.03125 0.0265625 0.03333333333333333
0 0.678125 0.13958333333333334 0.0125 0.05416666666666667
2 0.428125 0.04583333333333333 0.0421875 0.06666666666666667
2 0.3828125 0.09166666666666666 0.0390625 0.04583333333333333
2 0.4890625 0.020833333333333332 0.028125 0.03333333333333333
2 0.49375 0.04583333333333333 0.03125 0.041666666666666664
5 0.4296875 0.0875 0.0640625 0.08333333333333333
6 0.340625 0.05625 0.0984375 0.11458333333333333
2 0.3359375 0.36041666666666666 0.1140625 0.14583333333333334
2 0.2515625 0.027083333333333334 0.0390625 0.03125
2 0.4578125 0.22083333333333333 0.06875 0.0875
2 0.01875 0.15208333333333332 0.0390625 0.05416666666666667
