2 0.3609375 0.09375 0.0578125 0.075
5 0.5078125 0.027083333333333334 0.05 0.05416666666666667
2 0.2515625 0.03125 0.0390625 0.03333333333333333
2 0.4171875 0.041666666666666664 0.0265625 0.0375
2 0.45 0.041666666666666664 0.034375 0.0375
2 0.9140625 0.86875 0.16875 0.25833333333333336
2 0.4265625 0.09375 0.0453125 0.058333333333333334
2 0.321875 0.65625 0.2046875 0.3770833333333333
2 0.2578125 0.12916666666666668 0.0671875 0.0625
2 0.1484375 0.6145833333333334 0.2078125 0.28541666666666665
2 0.278125 0.15625 0.0625 0.06666666666666667
