2 0.628125 0.010416666666666666 0.01875 0.022916666666666665
2 0.1265625 0.6895833333333333 0.2546875 0.45625
5 0.4234375 0.09791666666666667 0.046875 0.0625
2 0.5890625 0.00625 0.01875 0.014583333333333334
5 0.44375 0.05625 0.0390625 0.06875
2 0.2515625 0.03125 0.0390625 0.03333333333333333
2 0.496875 0.041666666666666664 0.03125 0.0375
2 0.603125 0.0625 0.0265625 0.0375
6 0.4609375 0.04583333333333333 0.0625 0.09166666666666666
2 0.3546875 0.05416666666666667 0.0390625 0.0375
2 0.5703125 0.035416666666666666 0.025 0.03125
2 0.4765625 0.17708333333333334 0.0546875 0.06875
