2 0.59375 0.00625 0.01875 0.0125
2 0.346875 0.07083333333333333 0.0375 0.05416666666666667
2 0.4609375 0.016666666666666666 0.0265625 0.025
2 0.2515625 0.03125 0.0390625 0.03333333333333333
2 0.36875 0.0875 0.0546875 0.075
5 0.509375 0.027083333333333334 0.0453125 0.05416666666666667
2 0.4203125 0.03958333333333333 0.028125 0.03333333333333333
2 0.8953125 0.875 0.2046875 0.24375
2 0.428125 0.09375 0.0421875 0.058333333333333334
2 0.4546875 0.03958333333333333 0.034375 0.041666666666666664
2 0.3 0.7125 0.228125 0.41041666666666665
2 0.2875 0.15208333333333332 0.0578125 0.0625
2 0.265625 0.125 0.0625 0.0625
2 0.1125 0.6791666666666667 0.2265625 0.31666666666666665
