2 0.4265625 0.09375 0.0453125 0.05416666666666667
2 0.2515625 0.03125 0.0390625 0.03333333333333333
2 0.6078125 0.052083333333333336 0.0265625 0.03333333333333333
2 0.5796875 0.014583333333333334 0.0203125 0.03125
2 0.5234375 0.2125 0.05 0.075
2 0.5625 0.058333333333333334 0.025 0.0375
2 0.071875 0.22916666666666666 0.109375 0.10208333333333333
2 0.3375 0.3625 0.1171875 0.14583333333333334
2 0.5140625 0.1125 0.0390625 0.05
2 0.184375 0.21458333333333332 0.09375 0.09375
2 0.3328125 0.11458333333333333 0.0578125 0.058333333333333334
