2 0.5875 0.008333333333333333 0.01875 0.01875
2 0.4265625 0.09375 0.0421875 0.05416666666666667
2 0.2515625 0.03125 0.0390625 0.0375
2 0.5390625 0.08333333333333333 0.034375 0.04583333333333333
2 0.5703125 0.03125 0.0234375 0.03125
2 0.4109375 0.25416666666666665 0.0828125 0.10625
2 0.615625 0.0375 0.0203125 0.03333333333333333
2 0.540625 0.15625 0.0390625 0.0625
2 0.0609375 0.2916666666666667 0.1234375 0.12708333333333333
2 0.278125 0.15 0.0703125 0.07083333333333333
2 0.159375 0.61875 0.2265625 0.29375
