2 0.4234375 0.09791666666666667 0.046875 0.06666666666666667
0 0.2203125 0.11041666666666666 0.015625 0.04583333333333333
2 0.4953125 0.04583333333333333 0.03125 0.0375
2 0.4796875 0.30833333333333335 0.075 0.11041666666666666
2 0.2515625 0.03125 0.0390625 0.03333333333333333
2 0.6046875 0.05416666666666667 0.025 0.03333333333333333
2 0.3609375 0.06875 0.0390625 0.041666666666666664
2 0.0921875 0.21458333333333332 0.0671875 0.07916666666666666
2 0.3796875 0.0875 0.046875 0.05416666666666667
2 0.3140625 0.09583333333333334 0.053125 0.05416666666666667
