6 0.4578125 0.04583333333333333 0.0625 0.09375
6 0.103125 0.3 0.1078125 0.17083333333333334
0 0.2203125 0.11041666666666666 0.015625 0.04583333333333333
2 0.59375 0.00625 0.01875 0.014583333333333334
2 0.028125 0.5895833333333333 0.0578125 0.2
2 0.4078125 0.07083333333333333 0.0390625 0.041666666666666664
2 0.103125 0.3 0.1078125 0.17083333333333334
2 0.4953125 0.04583333333333333 0.03125 0.0375
2 0.3875 0.05625 0.034375 0.0375
2 0.2515625 0.03125 0.0390625 0.0375
2 0.3125 0.09583333333333334 0.0546875 0.05416666666666667
