6 0.4640625 0.04583333333333333 0.0578125 0.09166666666666666
2 0.2515625 0.03125 0.0390625 0.03333333333333333
2 0.4265625 0.09375 0.0453125 0.05416666666666667
2 0.3140625 0.3854166666666667 0.1328125 0.17708333333333334
2 0.5578125 0.0625 0.0265625 0.0375
2 0.5765625 0.016666666666666666 0.0203125 0.03125
2 0.515625 0.225 0.0546875 0.07708333333333334
2 0.609375 0.05625 0.025 0.03333333333333333
2 0.1 0.2125 0.1078125 0.09375
2 0.203125 0.2 0.0859375 0.0875
2 0.5078125 0.12083333333333333 0.0421875 0.05416666666666667
2 0.3421875 0.10833333333333334 0.0546875 0.058333333333333334
