2 0.63125 0.010416666666666666 0.01875 0.020833333333333332
2 0.5 0.0125 0.025 0.027083333333333334
2 0.0265625 0.32708333333333334 0.0546875 0.13958333333333334
2 0.4265625 0.09375 0.0453125 0.05416666666666667
2 0.2515625 0.03125 0.0390625 0.03333333333333333
5 0.34375 0.0375 0.05 0.07708333333333334
2 0.4515625 0.2125 0.0671875 0.08541666666666667
2 0.5734375 0.025 0.0234375 0.03125
2 0.5640625 0.06875 0.0265625 0.041666666666666664
2 0.5125 0.11458333333333333 0.0421875 0.05416666666666667
2 0.2453125 0.4895833333333333 0.1578125 0.20833333333333334
