2 0.4640625 0.010416666666666666 0.025 0.022916666666666665
5 0.5140625 0.025 0.0453125 0.05
2 0.5921875 0.008333333333333333 0.01875 0.01875
2 0.078125 0.8 0.15625 0.37083333333333335
2 0.2515625 0.03125 0.0390625 0.0375
2 0.3796875 0.07708333333333334 0.046875 0.06875
2 0.2375 0.79375 0.2828125 0.4083333333333333
2 0.425 0.0375 0.03125 0.0375
2 0.8515625 0.89375 0.290625 0.20833333333333334
2 0.428125 0.09375 0.0421875 0.058333333333333334
2 0.4578125 0.0375 0.034375 0.0375
2 0.278125 0.11666666666666667 0.0609375 0.058333333333333334
2 0.303125 0.13958333333333334 0.0546875 0.0625
