2 0.4265625 0.09375 0.0453125 0.05416666666666667
2 0.5859375 0.010416666666666666 0.01875 0.022916666666666665
2 0.10625 0.7604166666666666 0.2125 0.39166666666666666
2 0.2515625 0.03125 0.0390625 0.0375
2 0.6125 0.041666666666666664 0.0234375 0.03333333333333333
2 0.390625 0.2833333333333333 0.0921875 0.11875
2 0.53125 0.09166666666666666 0.0375 0.04583333333333333
2 0.5375 0.17291666666666666 0.0421875 0.06666666666666667
2 0.109375 0.2604166666666667 0.1171875 0.11458333333333333
2 0.5671875 0.041666666666666664 0.0234375 0.03333333333333333
2 0.296875 0.13541666666666666 0.0671875 0.06875
