6 0.4640625 0.04583333333333333 0.0578125 0.09166666666666666
2 0.4265625 0.09375 0.0453125 0.05416666666666667
2 0.49375 0.014583333333333334 0.0265625 0.03125
2 0.0875 0.2125 0.0984375 0.07916666666666666
2 0.378125 0.3145833333333333 0.09375 0.12291666666666666
2 0.2515625 0.03125 0.0390625 0.0375
2 0.565625 0.04375 0.0265625 0.0375
2 0.134375 0.8833333333333333 0.26875 0.22291666666666668
2 0.4421875 0.42291666666666666 0.10625 0.15625
2 0.8921875 0.8916666666666667 0.2109375 0.20625
2 0.54375 0.16458333333333333 0.0390625 0.0625
2 0.0703125 0.28125 0.1296875 0.125
2 0.534375 0.08958333333333333 0.034375 0.04583333333333333
2 0.5921875 0.08541666666666667 0.034375 0.0625
2 0.2921875 0.1125 0.0578125 0.05
