2 0.4140625 0.041666666666666664 0.03125 0.03333333333333333
6 0.4625 0.04583333333333333 0.0578125 0.09166666666666666
2 0.2515625 0.03125 0.0390625 0.03333333333333333
5 0.3625 0.09375 0.06875 0.07708333333333334
2 0.1015625 0.7104166666666667 0.2046875 0.35
2 0.525 0.24583333333333332 0.0578125 0.08333333333333333
2 0.5625 0.04583333333333333 0.0265625 0.03333333333333333
2 0.471875 0.17916666666666667 0.0546875 0.07708333333333334
2 0.584375 0.014583333333333334 0.0203125 0.03125
2 0.7484375 0.8854166666666666 0.253125 0.22916666666666666
2 0.565625 0.08958333333333333 0.03125 0.041666666666666664
2 0.60625 0.05416666666666667 0.028125 0.05
2 0.4109375 0.41458333333333336 0.1 0.16041666666666668
2 0.1921875 0.1625 0.0828125 0.06875
