2 0.6296875 0.008333333333333333 0.0171875 0.01875
0 0.096875 0.09166666666666666 0.009375 0.041666666666666664
5 0.44375 0.05625 0.0390625 0.07083333333333333
2 0.1890625 0.5604166666666667 0.246875 0.33125
2 0.496875 0.041666666666666664 0.03125 0.0375
2 0.2515625 0.03125 0.0390625 0.03333333333333333
2 0.5734375 0.029166666666666667 0.0234375 0.03125
2 0.60625 0.05416666666666667 0.0203125 0.0375
6 0.4578125 0.04583333333333333 0.0609375 0.09166666666666666
2 0.490625 0.15833333333333333 0.046875 0.06666666666666667
2 0.3453125 0.05416666666666667 0.0421875 0.0375
