2 0.403125 0.05 0.0390625 0.041666666666666664
2 0.2515625 0.03125 0.0390625 0.03333333333333333
2 0.5875 0.0125 0.0203125 0.027083333333333334
5 0.35 0.10208333333333333 0.0703125 0.08333333333333333
6 0.4625 0.04375 0.0578125 0.0875
2 0.565625 0.07916666666666666 0.0265625 0.0375
2 0.4359375 0.3645833333333333 0.0859375 0.12916666666666668
2 0.8125 0.88125 0.259375 0.23333333333333334
2 0.6078125 0.05 0.028125 0.05
2 0.1515625 0.6020833333333333 0.2046875 0.28958333333333336
2 0.56875 0.0375 0.025 0.03333333333333333
2 0.5359375 0.21875 0.0546875 0.07708333333333334
2 0.4859375 0.15833333333333333 0.05 0.06875
2 0.1671875 0.17916666666666667 0.0859375 0.06875
