5 0.446875 0.0375 0.0640625 0.075
0 0.3609375 0.12291666666666666 0.015625 0.058333333333333334
2 0.803125 0.22708333333333333 0.1734375 0.12916666666666668
4 0.1421875 0.39791666666666664 0.2859375 0.3104166666666667
2 0.3234375 0.08541666666666667 0.05 0.06666666666666667
2 0.9109375 0.3229166666666667 0.153125 0.09166666666666666
2 0.56875 0.08541666666666667 0.0265625 0.04583333333333333
2 0.615625 0.2604166666666667 0.134375 0.08541666666666667
2 0.365625 0.0625 0.0453125 0.05416666666666667
2 0.2421875 0.2 0.115625 0.06666666666666667
