2 0.415625 0.04375 0.0265625 0.03333333333333333
2 0.053125 0.5458333333333333 0.10625 0.2708333333333333
5 0.44375 0.05625 0.0390625 0.07083333333333333
0 0.2203125 0.10833333333333334 0.015625 0.04583333333333333
2 0.4203125 0.09791666666666667 0.0453125 0.06666666666666667
6 0.4578125 0.04583333333333333 0.0625 0.09375
2 0.4953125 0.04583333333333333 0.03125 0.0375
2 0.128125 0.25 0.0578125 0.08333333333333333
2 0.2515625 0.03125 0.0390625 0.0375
2 0.509375 0.27708333333333335 0.0578125 0.09166666666666666
2 0.0515625 0.15625 0.0796875 0.1
2 0.3140625 0.09583333333333334 0.053125 0.05416666666666667
2 0.365625 0.06875 0.0390625 0.041666666666666664
2 0.38125 0.0875 0.0453125 0.05
