2 0.421875 0.09791666666666667 0.046875 0.06666666666666667
0 0.2203125 0.10833333333333334 0.015625 0.05
2 0.3984375 0.052083333333333336 0.034375 0.03333333333333333
2 0.1015625 0.23125 0.0640625 0.08541666666666667
2 0.4953125 0.04583333333333333 0.03125 0.0375
2 0.2515625 0.03125 0.0390625 0.0375
2 0.609375 0.03333333333333333 0.0234375 0.03333333333333333
2 0.0875 0.3375 0.0921875 0.11666666666666667
2 0.3625 0.06875 0.0390625 0.041666666666666664
2 0.3796875 0.0875 0.046875 0.05416666666666667
2 0.3140625 0.09583333333333334 0.053125 0.05416666666666667
