6 0.4671875 0.04375 0.0578125 0.0875
2 0.5078125 0.010416666666666666 0.025 0.020833333333333332
2 0.2515625 0.03125 0.0390625 0.0375
2 0.428125 0.09375 0.0421875 0.05416666666666667
2 0.4921875 0.29375 0.075 0.1
2 0.240625 0.8208333333333333 0.2421875 0.34375
2 0.23125 0.14375 0.0671875 0.0625
2 0.5359375 0.0875 0.034375 0.05
2 0.05625 0.22708333333333333 0.1140625 0.15416666666666667
2 0.4796875 0.16666666666666666 0.053125 0.06875
2 0.3578125 0.075 0.0453125 0.0375
2 0.56875 0.13333333333333333 0.0453125 0.07916666666666666
2 0.259375 0.1625 0.078125 0.07708333333333334
2 0.1125 0.6854166666666667 0.2265625 0.3145833333333333
