2 0.4953125 0.014583333333333334 0.0265625 0.029166666666666667
2 0.4265625 0.09375 0.0421875 0.05416666666666667
2 0.1234375 0.2 0.09375 0.08541666666666667
2 0.8625 0.9020833333333333 0.275 0.19583333333333333
2 0.2515625 0.03125 0.0390625 0.0375
2 0.115625 0.2520833333333333 0.1234375 0.10833333333333334
2 0.5609375 0.05 0.0265625 0.041666666666666664
2 0.5390625 0.18333333333333332 0.046875 0.06666666666666667
2 0.346875 0.3541666666666667 0.109375 0.13958333333333334
6 0.4640625 0.04583333333333333 0.0578125 0.09166666666666666
2 0.5265625 0.1 0.0375 0.05
2 0.5875 0.09375 0.0390625 0.06666666666666667
2 0.4171875 0.4791666666666667 0.11875 0.19166666666666668
2 0.30625 0.10208333333333333 0.0546875 0.05
