2 0.5109375 0.03125 0.028125 0.03333333333333333
2 0.49375 0.014583333333333334 0.0265625 0.03125
2 0.4921875 0.04583333333333333 0.034375 0.04583333333333333
2 0.3828125 0.09166666666666666 0.0390625 0.04583333333333333
2 0.4296875 0.04375 0.046875 0.06875
2 0.953125 0.8916666666666667 0.09375 0.20625
2 0.2515625 0.03125 0.0390625 0.03333333333333333
5 0.43125 0.08958333333333333 0.0625 0.07708333333333334
2 0.54375 0.008333333333333333 0.0203125 0.01875
6 0.34375 0.05625 0.1 0.11458333333333333
2 0.5703125 0.0375 0.0265625 0.03333333333333333
2 0.546875 0.06666666666666667 0.03125 0.041666666666666664
