0 0.2203125 0.10833333333333334 0.015625 0.05
2 0.409375 0.04583333333333333 0.034375 0.0375
2 0.4234375 0.09791666666666667 0.046875 0.06666666666666667
2 0.4953125 0.04583333333333333 0.03125 0.0375
2 0.2515625 0.03125 0.0390625 0.0375
2 0.55 0.18958333333333333 0.046875 0.06875
2 0.3796875 0.0875 0.0453125 0.05
2 0.0703125 0.42291666666666666 0.140625 0.1875
2 0.028125 0.1375 0.0578125 0.09375
2 0.1078125 0.21041666666666667 0.0640625 0.07708333333333334
2 0.3625 0.06875 0.0390625 0.041666666666666664
2 0.3140625 0.09583333333333334 0.053125 0.05416666666666667
