5 0.44375 0.05625 0.0390625 0.07083333333333333
0 0.2234375 0.10833333333333334 0.0125 0.04583333333333333
2 0.059375 0.4666666666666667 0.11875 0.27708333333333335
6 0.059375 0.46458333333333335 0.11875 0.28125
2 0.409375 0.04583333333333333 0.034375 0.0375
6 0.4578125 0.04791666666666667 0.0625 0.09791666666666667
2 0.4953125 0.04583333333333333 0.034375 0.0375
2 0.5734375 0.029166666666666667 0.0265625 0.03125
2 0.2515625 0.03125 0.0390625 0.0375
2 0.3140625 0.09583333333333334 0.053125 0.05416666666666667
