2 0.5171875 0.00625 0.0203125 0.0125
5 0.4703125 0.041666666666666664 0.0578125 0.08541666666666667
2 0.2515625 0.03125 0.0390625 0.0375
2 0.3953125 0.05416666666666667 0.0375 0.0375
2 0.3984375 0.28541666666666665 0.084375 0.10833333333333334
2 0.428125 0.09375 0.0421875 0.058333333333333334
2 0.4984375 0.1375 0.046875 0.06875
2 0.5453125 0.1875 0.0578125 0.1
2 0.40625 0.475 0.125 0.19583333333333333
2 0.1640625 0.16666666666666666 0.1015625 0.10833333333333334
2 0.303125 0.10416666666666667 0.05 0.05416666666666667
2 0.08125 0.275 0.153125 0.16666666666666666
2 0.3375 0.11458333333333333 0.0546875 0.0625
