5 0.49375 0.03333333333333333 0.05 0.06875
2 0.2515625 0.03125 0.0390625 0.0375
2 0.0375 0.24791666666666667 0.075 0.17083333333333334
2 0.446875 0.027083333333333334 0.03125 0.029166666666666667
2 0.4265625 0.05416666666666667 0.034375 0.0375
2 0.3453125 0.34791666666666665 0.1015625 0.14583333333333334
2 0.3859375 0.058333333333333334 0.03125 0.041666666666666664
2 0.30625 0.12708333333333333 0.0703125 0.09166666666666666
2 0.19375 0.1625 0.0796875 0.07083333333333333
2 0.4453125 0.39791666666666664 0.1171875 0.2
2 0.428125 0.09166666666666666 0.0421875 0.058333333333333334
2 0.1890625 0.21666666666666667 0.084375 0.08541666666666667
