0 0.80625 0.30625 0.05 0.12083333333333333
2 0.409375 0.03333333333333333 0.0671875 0.06666666666666667
0 0.83125 0.30625 0.053125 0.12291666666666666
6 0.259375 0.09375 0.15625 0.18541666666666667
2 0.4875 0.31666666666666665 0.1125 0.1625
2 0.425 0.0625 0.0640625 0.08541666666666667
2 0.5546875 0.075 0.0640625 0.08541666666666667
2 0.2234375 0.18958333333333333 0.0953125 0.18333333333333332
2 0.4734375 0.03333333333333333 0.059375 0.06875
2 0.5625 0.175 0.0796875 0.1125
2 0.4921875 0.16041666666666668 0.0859375 0.1125
2 0.3625 0.10208333333333333 0.0796875 0.09375
