6 0.2046875 0.15625 0.0578125 0.24166666666666667
2 0.40625 0.04375 0.075 0.0875
2 0.3953125 0.07916666666666666 0.075 0.09375
2 0.4265625 0.029166666666666667 0.0640625 0.058333333333333334
2 0.3890625 0.3020833333333333 0.125 0.1625
2 0.5609375 0.04583333333333333 0.0578125 0.08125
2 0.4296875 0.3958333333333333 0.134375 0.20208333333333334
2 0.5625 0.14166666666666666 0.071875 0.09791666666666667
2 0.521875 0.03125 0.0578125 0.06458333333333334
2 0.20625 0.22291666666666668 0.059375 0.15208333333333332
2 0.315625 0.09375 0.0875 0.10208333333333333
