0 0.8671875 0.4 0.0703125 0.13541666666666666
2 0.4234375 0.25833333333333336 0.1109375 0.1375
2 0.4078125 0.075 0.075 0.08958333333333333
2 0.5 0.31666666666666665 0.1109375 0.1625
2 0.2328125 0.6416666666666667 0.1140625 0.37916666666666665
2 0.4953125 0.027083333333333334 0.059375 0.05416666666666667
2 0.6046875 0.0375 0.053125 0.07708333333333334
2 0.5328125 0.09791666666666667 0.0671875 0.09375
2 0.3015625 0.13958333333333334 0.103125 0.11458333333333333
2 0.359375 0.07708333333333334 0.075 0.08958333333333333
