2 0.453125 0.40625 0.1359375 0.21875
5 0.25625 0.09166666666666666 0.103125 0.16041666666666668
2 0.4390625 0.04791666666666667 0.0640625 0.07708333333333334
2 0.4171875 0.25416666666666665 0.1046875 0.14166666666666666
2 0.2203125 0.20625 0.0890625 0.14166666666666666
6 0.3078125 0.08333333333333333 0.1890625 0.16666666666666666
2 0.3671875 0.10208333333333333 0.0859375 0.09375
2 0.4859375 0.03125 0.059375 0.0625
2 0.4828125 0.16666666666666666 0.078125 0.11041666666666666
2 0.5765625 0.11875 0.0671875 0.09375
2 0.234375 0.5958333333333333 0.115625 0.3104166666666667
