0 0.796875 0.27291666666666664 0.0515625 0.11458333333333333
0 0.8203125 0.275 0.0515625 0.12083333333333333
2 0.4234375 0.0625 0.0671875 0.08541666666666667
2 0.5015625 0.3 0.1046875 0.15833333333333333
2 0.60625 0.06875 0.059375 0.08125
2 0.4890625 0.027083333333333334 0.0671875 0.05625
2 0.5515625 0.06458333333333334 0.0609375 0.08541666666666667
2 0.5859375 0.029166666666666667 0.053125 0.058333333333333334
2 0.215625 0.21041666666666667 0.0796875 0.14166666666666666
2 0.3328125 0.058333333333333334 0.0796875 0.08125
2 0.578125 0.11875 0.0703125 0.09375
2 0.3328125 0.12291666666666666 0.0828125 0.09791666666666667
