2 0.4625 0.03958333333333333 0.0640625 0.07916666666666666
2 0.4609375 0.20416666666666666 0.103125 0.14166666666666666
2 0.428125 0.45625 0.15 0.24166666666666667
2 0.2171875 0.15833333333333333 0.0828125 0.11458333333333333
2 0.3078125 0.4041666666666667 0.1578125 0.20208333333333334
2 0.58125 0.12916666666666668 0.071875 0.10208333333333333
2 0.5375 0.09375 0.0671875 0.09375
2 0.4734375 0.05625 0.0703125 0.09375
2 0.2859375 0.15208333333333332 0.1015625 0.1125
2 0.58125 0.027083333333333334 0.053125 0.05625
