5 0.3875 0.04583333333333333 0.0671875 0.09375
0 0.8578125 0.375 0.0609375 0.12916666666666668
0 0.828125 0.3729166666666667 0.053125 0.12916666666666668
2 0.196875 0.24583333333333332 0.0421875 0.14375
2 0.39375 0.3125 0.1234375 0.1625
2 0.4953125 0.027083333333333334 0.0578125 0.05416666666666667
2 0.4671875 0.035416666666666666 0.0609375 0.07291666666666667
6 0.253125 0.12708333333333333 0.1546875 0.25625
2 0.309375 0.13958333333333334 0.090625 0.10208333333333333
2 0.5078125 0.1375 0.075 0.09791666666666667
