2 0.46875 0.0625 0.0703125 0.08541666666666667
2 0.4328125 0.08958333333333333 0.075 0.09375
2 0.2578125 0.5145833333333333 0.1625 0.2604166666666667
2 0.5703125 0.0375 0.0609375 0.075
2 0.853125 0.7666666666666667 0.2078125 0.4166666666666667
4 0.478125 0.14375 0.15 0.23333333333333334
2 0.425 0.3958333333333333 0.178125 0.29375
2 0.2734375 0.12083333333333333 0.090625 0.09791666666666667
2 0.3203125 0.12708333333333333 0.090625 0.10208333333333333
2 0.359375 0.06666666666666667 0.0796875 0.09791666666666667
