0 0.8546875 0.36666666666666664 0.0640625 0.13125
2 0.48125 0.03125 0.059375 0.06458333333333334
2 0.2921875 0.7770833333333333 0.2328125 0.3958333333333333
2 0.565625 0.04583333333333333 0.059375 0.07708333333333334
2 0.2125 0.21875 0.071875 0.15
2 0.3796875 0.3145833333333333 0.1421875 0.19583333333333333
2 0.503125 0.14375 0.075 0.10208333333333333
2 0.55625 0.1875 0.0828125 0.12083333333333333
2 0.290625 0.11458333333333333 0.090625 0.10208333333333333
2 0.353125 0.11041666666666666 0.0859375 0.09791666666666667
