3 0.6015625 0.05 0.0421875 0.08125
2 0.4328125 0.052083333333333336 0.0671875 0.08125
2 0.5734375 0.03125 0.053125 0.06458333333333334
2 0.4875 0.029166666666666667 0.059375 0.058333333333333334
2 0.3484375 0.08333333333333333 0.078125 0.08958333333333333
2 0.915625 0.84375 0.0828125 0.2625
2 0.5125 0.2604166666666667 0.1046875 0.16875
2 0.321875 0.13125 0.0875 0.10208333333333333
2 0.578125 0.10208333333333333 0.0640625 0.08958333333333333
2 0.5078125 0.11458333333333333 0.0859375 0.14166666666666666
2 0.3953125 0.28125 0.11875 0.16041666666666668
