2 0.4453125 0.029166666666666667 0.0609375 0.06041666666666667
2 0.4640625 0.0375 0.0640625 0.075
2 0.34375 0.3645833333333333 0.140625 0.18333333333333332
2 0.5578125 0.05 0.0578125 0.07708333333333334
5 0.371875 0.052083333333333336 0.071875 0.10416666666666667
2 0.3984375 0.07916666666666666 0.075 0.08958333333333333
2 0.471875 0.17916666666666667 0.0828125 0.12083333333333333
2 0.5328125 0.09166666666666666 0.0671875 0.08958333333333333
6 0.3890625 0.05 0.1 0.1
2 0.228125 0.19166666666666668 0.103125 0.12291666666666666
