0 0.803125 0.28958333333333336 0.0515625 0.1125
2 0.321875 0.675 0.2296875 0.37916666666666665
2 0.3875 0.08541666666666667 0.0703125 0.08958333333333333
2 0.378125 0.041666666666666664 0.071875 0.08125
2 0.5890625 0.11458333333333333 0.0671875 0.09375
2 0.453125 0.041666666666666664 0.0640625 0.08125
2 0.5703125 0.04583333333333333 0.0578125 0.07708333333333334
2 0.546875 0.18958333333333333 0.0828125 0.11875
2 0.5265625 0.10625 0.0703125 0.09375
2 0.3046875 0.13958333333333334 0.090625 0.11041666666666666
6 0.228125 0.125 0.1046875 0.2125
