2 0.9015625 0.89375 0.1125 0.1625
0 0.925 0.1875 0.0515625 0.10625
2 0.378125 0.08541666666666667 0.0828125 0.11041666666666666
2 0.565625 0.04375 0.0578125 0.07708333333333334
2 0.5421875 0.20833333333333334 0.090625 0.12291666666666666
2 0.3390625 0.3729166666666667 0.1390625 0.1875
2 0.5859375 0.09791666666666667 0.0640625 0.08958333333333333
2 0.4703125 0.035416666666666666 0.059375 0.07291666666666667
2 0.453125 0.19791666666666666 0.09375 0.12083333333333333
2 0.5109375 0.12083333333333333 0.0796875 0.10625
