0 0.8203125 0.28125 0.053125 0.12083333333333333
0 0.796875 0.28125 0.05 0.1125
2 0.46875 0.37083333333333335 0.1265625 0.19375
2 0.6015625 0.08125 0.0609375 0.08541666666666667
2 0.4953125 0.027083333333333334 0.0640625 0.05416666666666667
2 0.58125 0.03333333333333333 0.0578125 0.06666666666666667
2 0.2359375 0.18125 0.1109375 0.12291666666666666
2 0.5453125 0.075 0.0671875 0.08541666666666667
2 0.3484375 0.05416666666666667 0.075 0.08125
6 0.2 0.16041666666666668 0.046875 0.25
2 0.5703125 0.1375 0.071875 0.10208333333333333
2 0.4328125 0.05416666666666667 0.0671875 0.08125
2 0.353125 0.10833333333333334 0.0796875 0.09791666666666667
