0 0.878125 0.41875 0.059375 0.14375
0 0.846875 0.41458333333333336 0.0578125 0.13125
5 0.4296875 0.03333333333333333 0.0671875 0.06875
2 0.809375 0.8833333333333333 0.2953125 0.18333333333333332
2 0.3984375 0.07916666666666666 0.075 0.08958333333333333
2 0.55 0.058333333333333334 0.0671875 0.09791666666666667
5 0.2546875 0.09375 0.1 0.17291666666666666
2 0.2078125 0.7666666666666667 0.0640625 0.4166666666666667
2 0.4078125 0.28125 0.109375 0.14375
2 0.4625 0.03958333333333333 0.0703125 0.07916666666666666
2 0.3203125 0.12916666666666668 0.09375 0.11041666666666666
6 0.30625 0.08333333333333333 0.1828125 0.16875
