2 0.4484375 0.19583333333333333 0.1109375 0.18333333333333332
2 0.7859375 0.8708333333333333 0.3421875 0.20833333333333334
0 0.84375 0.2875 0.053125 0.13125
2 0.4578125 0.0375 0.0640625 0.075
2 0.3859375 0.058333333333333334 0.0640625 0.08125
2 0.409375 0.47708333333333336 0.1671875 0.2833333333333333
2 0.55 0.18125 0.078125 0.11041666666666666
2 0.553125 0.06041666666666667 0.059375 0.08125
2 0.578125 0.03125 0.053125 0.06458333333333334
2 0.384375 0.0875 0.0671875 0.08958333333333333
2 0.2484375 0.5270833333333333 0.14375 0.28958333333333336
