5 0.346875 0.058333333333333334 0.075 0.11666666666666667
6 0.3671875 0.05625 0.1046875 0.1125
0 0.846875 0.34791666666666665 0.0609375 0.12916666666666668
2 0.2171875 0.21041666666666667 0.0828125 0.13125
2 0.4796875 0.19166666666666668 0.0875 0.12083333333333333
2 0.546875 0.08125 0.0640625 0.08541666666666667
6 0.221875 0.16875 0.090625 0.33541666666666664
2 0.3078125 0.425 0.1703125 0.23125
2 0.4796875 0.03125 0.059375 0.0625
2 0.33125 0.69375 0.225 0.39166666666666666
2 0.440625 0.05 0.0671875 0.08125
