5 0.5734375 0.04375 0.0703125 0.08958333333333333
2 0.4546875 0.027083333333333334 0.0609375 0.05625
2 0.4015625 0.05 0.0671875 0.07708333333333334
6 0.25625 0.09166666666666666 0.15625 0.18541666666666667
2 0.559375 0.08541666666666667 0.0609375 0.08958333333333333
2 0.4796875 0.03333333333333333 0.059375 0.06666666666666667
2 0.46875 0.18541666666666667 0.1078125 0.17083333333333334
2 0.328125 0.125 0.09375 0.10625
2 0.3546875 0.07083333333333333 0.0796875 0.09375
6 0.2125 0.14166666666666666 0.0734375 0.22083333333333333
