0 0.821875 0.35208333333333336 0.05625 0.12708333333333333
2 0.3890625 0.07708333333333334 0.0828125 0.1125
2 0.2640625 0.8541666666666666 0.175 0.23958333333333334
6 0.3796875 0.052083333333333336 0.1015625 0.10416666666666667
5 0.3625 0.05416666666666667 0.071875 0.10833333333333334
0 0.8546875 0.35625 0.05625 0.13125
6 0.2359375 0.15833333333333333 0.11875 0.31666666666666665
2 0.534375 0.09791666666666667 0.0671875 0.08958333333333333
2 0.45625 0.22708333333333333 0.096875 0.12916666666666668
2 0.4859375 0.029166666666666667 0.059375 0.058333333333333334
2 0.4515625 0.04375 0.0640625 0.08125
2 0.2609375 0.5229166666666667 0.16875 0.28125
2 0.2421875 0.18125 0.109375 0.12083333333333333
