2 0.4203125 0.0375 0.0609375 0.07708333333333334
2 0.41875 0.0625 0.071875 0.09791666666666667
5 0.30625 0.08333333333333333 0.0796875 0.12291666666666666
2 0.4625 0.027083333333333334 0.0640625 0.05416666666666667
2 0.56875 0.0375 0.0578125 0.075
6 0.3296875 0.06875 0.11875 0.13958333333333334
2 0.4015625 0.49166666666666664 0.146875 0.225
2 0.4890625 0.029166666666666667 0.0609375 0.06041666666666667
2 0.534375 0.08541666666666667 0.0671875 0.09375
2 0.4875 0.1625 0.0796875 0.11458333333333333
2 0.26875 0.16041666666666668 0.109375 0.12083333333333333
