2 0.4484375 0.03125 0.053125 0.0625
2 0.425 0.06041666666666667 0.0640625 0.08125
5 0.4703125 0.035416666666666666 0.071875 0.07291666666666667
2 0.409375 0.041666666666666664 0.0671875 0.08541666666666667
5 0.2015625 0.12916666666666668 0.0515625 0.16875
2 0.253125 0.035416666666666666 0.071875 0.07083333333333333
6 0.2375 0.1125 0.1234375 0.18958333333333333
2 0.4453125 0.23333333333333334 0.1 0.12916666666666668
2 0.325 0.12291666666666666 0.090625 0.11041666666666666
2 0.353125 0.075 0.075 0.08541666666666667
2 0.225 0.19583333333333333 0.0984375 0.12916666666666668
