2 0.41875 0.03958333333333333 0.0671875 0.08125
2 0.4515625 0.04583333333333333 0.0609375 0.07708333333333334
6 0.365625 0.06041666666666667 0.11875 0.12291666666666666
2 0.58125 0.029166666666666667 0.0515625 0.06041666666666667
2 0.5109375 0.26875 0.1 0.14583333333333334
2 0.45625 0.027083333333333334 0.059375 0.05625
2 0.4671875 0.0625 0.071875 0.08958333333333333
6 0.30625 0.07916666666666666 0.1328125 0.16041666666666668
2 0.3765625 0.09375 0.0828125 0.09791666666666667
4 0.5359375 0.1 0.1203125 0.18333333333333332
5 0.259375 0.15833333333333333 0.11875 0.14375
