2 0.4421875 0.05 0.0640625 0.07708333333333334
5 0.2625 0.09791666666666667 0.0828125 0.14375
2 0.409375 0.04375 0.071875 0.0875
2 0.2328125 0.18333333333333332 0.1125 0.15208333333333332
6 0.3546875 0.0625 0.115625 0.125
2 0.2234375 0.7145833333333333 0.09375 0.51875
2 0.5265625 0.22708333333333333 0.090625 0.13125
6 0.2921875 0.08333333333333333 0.1359375 0.16666666666666666
2 0.45 0.029166666666666667 0.059375 0.058333333333333334
4 0.5453125 0.0875 0.1046875 0.17291666666666666
2 0.35625 0.10833333333333334 0.0859375 0.10208333333333333
