2 0.55 0.08333333333333333 0.0640625 0.08958333333333333
0 0.8078125 0.3104166666666667 0.0515625 0.1125
0 0.834375 0.3145833333333333 0.0578125 0.12708333333333333
2 0.4171875 0.03333333333333333 0.0609375 0.06666666666666667
2 0.4625 0.37083333333333335 0.1265625 0.19375
6 0.2734375 0.0875 0.15 0.175
2 0.4796875 0.17708333333333334 0.0875 0.12083333333333333
2 0.4328125 0.058333333333333334 0.0671875 0.08541666666666667
2 0.584375 0.029166666666666667 0.0515625 0.06041666666666667
2 0.5546875 0.19791666666666666 0.0828125 0.11458333333333333
2 0.2359375 0.17083333333333334 0.1203125 0.16666666666666666
2 0.4796875 0.03125 0.059375 0.0625
2 0.375 0.09375 0.075 0.09791666666666667
