2 0.7875 0.8895833333333333 0.340625 0.17083333333333334
0 0.846875 0.2875 0.0578125 0.13541666666666666
2 0.4 0.07916666666666666 0.071875 0.08958333333333333
2 0.3953125 0.05625 0.0703125 0.08125
2 0.4640625 0.0375 0.0640625 0.075
2 0.5734375 0.035416666666666666 0.053125 0.07291666666666667
2 0.428125 0.22291666666666668 0.1203125 0.2
2 0.5390625 0.20625 0.0828125 0.11875
2 0.3640625 0.5708333333333333 0.19375 0.33541666666666664
2 0.5453125 0.07083333333333333 0.0609375 0.08541666666666667
2 0.21875 0.6458333333333334 0.0859375 0.35625
