2 0.5234375 0.1 0.075 0.1125
0 0.8921875 0.44583333333333336 0.0609375 0.15
5 0.4421875 0.029166666666666667 0.0640625 0.06041666666666667
2 0.4265625 0.06041666666666667 0.0640625 0.08125
6 0.3390625 0.07083333333333333 0.1546875 0.14166666666666666
0 0.85625 0.4395833333333333 0.059375 0.14375
2 0.3046875 0.4270833333333333 0.1546875 0.20416666666666666
2 0.203125 0.23541666666666666 0.053125 0.14375
2 0.371875 0.09791666666666667 0.0828125 0.10208333333333333
5 0.2984375 0.075 0.09375 0.15208333333333332
