2 0.4203125 0.8333333333333334 0.471875 0.2833333333333333
4 0.5578125 0.07083333333333333 0.090625 0.14375
5 0.228125 0.11666666666666667 0.0875 0.15208333333333332
6 0.33125 0.06875 0.1265625 0.13958333333333334
2 0.4796875 0.03333333333333333 0.059375 0.06666666666666667
2 0.39375 0.05 0.071875 0.08958333333333333
2 0.4140625 0.06875 0.078125 0.09375
2 0.4328125 0.0875 0.075 0.09375
2 0.4375 0.03333333333333333 0.0609375 0.06875
2 0.5421875 0.16666666666666666 0.075 0.1125
2 0.2828125 0.45 0.2140625 0.33125
6 0.2609375 0.09375 0.14375 0.17708333333333334
2 0.3046875 0.14375 0.103125 0.1125
