5 0.421875 0.0375 0.0640625 0.075
0 0.8390625 0.26666666666666666 0.053125 0.12708333333333333
2 0.4921875 0.027083333333333334 0.0578125 0.05416666666666667
2 0.434375 0.05 0.0671875 0.08541666666666667
2 0.5734375 0.03333333333333333 0.053125 0.06666666666666667
2 0.503125 0.28125 0.1109375 0.17708333333333334
2 0.8984375 0.8416666666666667 0.1171875 0.26666666666666666
2 0.5765625 0.10833333333333334 0.0640625 0.08958333333333333
2 0.5 0.12291666666666666 0.0875 0.15
2 0.3796875 0.3020833333333333 0.1265625 0.16875
2 0.3546875 0.07916666666666666 0.075 0.08541666666666667
2 0.33125 0.12291666666666666 0.0875 0.10208333333333333
