2 0.446875 0.05 0.0640625 0.07708333333333334
2 0.221875 0.21458333333333332 0.0921875 0.12916666666666668
2 0.6078125 0.04583333333333333 0.053125 0.07708333333333334
2 0.4546875 0.20416666666666666 0.0953125 0.12708333333333333
2 0.5234375 0.10833333333333334 0.0703125 0.09791666666666667
6 0.225 0.16458333333333333 0.0984375 0.32708333333333334
2 0.5578125 0.15 0.071875 0.10208333333333333
2 0.5453125 0.07083333333333333 0.059375 0.08541666666666667
2 0.259375 0.5 0.165625 0.275
2 0.3765625 0.09375 0.078125 0.09791666666666667
