2 0.4453125 0.04583333333333333 0.0671875 0.08958333333333333
5 0.3421875 0.058333333333333334 0.075 0.11875
2 0.4328125 0.035416666666666666 0.0640625 0.07083333333333333
2 0.553125 0.05625 0.0609375 0.08541666666666667
2 0.5734375 0.03125 0.053125 0.06458333333333334
2 0.4390625 0.23333333333333334 0.096875 0.1375
2 0.5109375 0.12291666666666666 0.071875 0.10208333333333333
2 0.3453125 0.11458333333333333 0.0875 0.10208333333333333
6 0.3625 0.058333333333333334 0.1109375 0.11666666666666667
2 0.2484375 0.8541666666666666 0.1453125 0.23958333333333334
