2 0.215625 0.13958333333333334 0.0796875 0.17708333333333334
5 0.403125 0.075 0.078125 0.09791666666666667
6 0.4703125 0.16041666666666668 0.115625 0.19375
2 0.4546875 0.029166666666666667 0.059375 0.058333333333333334
5 0.378125 0.05 0.071875 0.1
2 0.471875 0.035416666666666666 0.0640625 0.07083333333333333
6 0.3984375 0.04583333333333333 0.109375 0.09166666666666666
2 0.5078125 0.0375 0.0609375 0.075
2 0.5578125 0.05416666666666667 0.059375 0.08125
2 0.2328125 0.5791666666666667 0.1140625 0.2875
