2 0.421875 0.06666666666666667 0.0671875 0.08541666666666667
2 0.25 0.03333333333333333 0.0640625 0.06666666666666667
5 0.440625 0.03125 0.0671875 0.06458333333333334
2 0.471875 0.035416666666666666 0.0671875 0.07291666666666667
0 0.8828125 0.4375 0.0703125 0.14583333333333334
2 0.3390625 0.3729166666666667 0.1390625 0.1875
5 0.284375 0.07916666666666666 0.0953125 0.15833333333333333
2 0.359375 0.10625 0.0859375 0.09791666666666667
2 0.5328125 0.08541666666666667 0.071875 0.10625
6 0.33125 0.075 0.1703125 0.15
