5 0.396875 0.04375 0.0671875 0.08958333333333333
6 0.415625 0.041666666666666664 0.1015625 0.08541666666666667
5 0.31875 0.10625 0.0875 0.12916666666666668
2 0.5234375 0.029166666666666667 0.059375 0.06041666666666667
2 0.259375 0.10833333333333334 0.1171875 0.15416666666666667
2 0.4328125 0.05416666666666667 0.0703125 0.08958333333333333
6 0.34375 0.08541666666666667 0.11875 0.1625
6 0.3765625 0.2875 0.178125 0.275
2 0.540625 0.07916666666666666 0.0640625 0.08958333333333333
2 0.4875 0.029166666666666667 0.059375 0.06041666666666667
