2 0.840625 0.8375 0.2328125 0.27291666666666664
0 0.8390625 0.275 0.05625 0.11875
2 0.328125 0.375 0.15 0.20416666666666666
2 0.565625 0.041666666666666664 0.0578125 0.07708333333333334
2 0.4453125 0.04583333333333333 0.0671875 0.08541666666666667
2 0.3703125 0.06875 0.071875 0.08125
2 0.471875 0.34791666666666665 0.13125 0.21458333333333332
2 0.4828125 0.15208333333333332 0.0953125 0.16041666666666668
2 0.565625 0.13541666666666666 0.0703125 0.09791666666666667
2 0.3578125 0.10625 0.0796875 0.09791666666666667
