0 0.8359375 0.31666666666666665 0.053125 0.12291666666666666
2 0.253125 0.03333333333333333 0.071875 0.06666666666666667
0 0.8109375 0.3125 0.053125 0.1125
6 0.2859375 0.08333333333333333 0.1421875 0.16875
2 0.46875 0.19791666666666666 0.090625 0.12708333333333333
2 0.4296875 0.4354166666666667 0.146875 0.23125
2 0.54375 0.22291666666666668 0.090625 0.12916666666666668
2 0.5453125 0.09166666666666666 0.0671875 0.08958333333333333
2 0.5796875 0.03125 0.0515625 0.06458333333333334
2 0.4234375 0.03125 0.0640625 0.0625
2 0.3828125 0.0875 0.071875 0.09375
2 0.4828125 0.029166666666666667 0.059375 0.06041666666666667
2 0.253125 0.15416666666666667 0.1265625 0.16041666666666668
2 0.440625 0.052083333333333336 0.0640625 0.08125
