2 0.203125 0.7625 0.053125 0.425
2 0.35625 0.09791666666666667 0.071875 0.09791666666666667
2 0.4484375 0.04583333333333333 0.0671875 0.08125
5 0.2125 0.125 0.0734375 0.16875
2 0.2703125 0.8 0.1875 0.35
2 0.434375 0.035416666666666666 0.0671875 0.07291666666666667
2 0.5328125 0.027083333333333334 0.059375 0.05416666666666667
2 0.3703125 0.0625 0.075 0.08958333333333333
2 0.5390625 0.07916666666666666 0.0640625 0.08958333333333333
2 0.56875 0.0375 0.0578125 0.075
6 0.2453125 0.10625 0.1375 0.18958333333333333
2 0.53125 0.21458333333333332 0.0828125 0.11458333333333333
2 0.3171875 0.125 0.0953125 0.11458333333333333
