0 0.8109375 0.25416666666666665 0.05 0.11458333333333333
0 0.7890625 0.2520833333333333 0.0484375 0.1125
2 0.20625 0.7333333333333333 0.059375 0.3770833333333333
2 0.6171875 0.03125 0.053125 0.0625
2 0.578125 0.029166666666666667 0.0578125 0.06041666666666667
2 0.375 0.32916666666666666 0.1421875 0.18333333333333332
2 0.1984375 0.23541666666666666 0.04375 0.14583333333333334
2 0.58125 0.12083333333333333 0.0671875 0.09791666666666667
2 0.221875 0.08125 0.090625 0.08541666666666667
2 0.6046875 0.05416666666666667 0.059375 0.08125
2 0.3453125 0.1125 0.0828125 0.09791666666666667
