2 0.3953125 0.07916666666666666 0.075 0.09375
2 0.45625 0.041666666666666664 0.0640625 0.07708333333333334
2 0.209375 0.7 0.0671875 0.39791666666666664
2 0.534375 0.08541666666666667 0.0640625 0.08958333333333333
2 0.421875 0.25 0.1046875 0.14166666666666666
2 0.6015625 0.058333333333333334 0.0578125 0.07708333333333334
2 0.2578125 0.17916666666666667 0.1171875 0.1125
2 0.5453125 0.18125 0.0796875 0.11458333333333333
6 0.24375 0.13333333333333333 0.1359375 0.26875
2 0.5078125 0.12916666666666668 0.071875 0.09791666666666667
