2 0.8453125 0.8895833333333333 0.2234375 0.16875
0 0.9296875 0.1875 0.05625 0.10625
2 0.39375 0.07708333333333334 0.0828125 0.10625
2 0.5609375 0.05416666666666667 0.059375 0.08125
2 0.58125 0.11041666666666666 0.0640625 0.08958333333333333
2 0.28125 0.45416666666666666 0.165625 0.21875
2 0.478125 0.03333333333333333 0.059375 0.06875
2 0.4328125 0.22291666666666668 0.1015625 0.12708333333333333
2 0.528125 0.23958333333333334 0.0953125 0.13541666666666666
2 0.5 0.13541666666666666 0.0796875 0.1125
2 0.20625 0.175 0.059375 0.13125
