2 0.459375 0.041666666666666664 0.0640625 0.07708333333333334
2 0.5546875 0.11041666666666666 0.0640625 0.09791666666666667
6 0.290625 0.08333333333333333 0.146875 0.16666666666666666
2 0.41875 0.041666666666666664 0.059375 0.07708333333333334
2 0.465625 0.0625 0.071875 0.08958333333333333
2 0.3703125 0.0625 0.075 0.09375
2 0.490625 0.029166666666666667 0.059375 0.058333333333333334
2 0.3671875 0.1 0.0828125 0.09791666666666667
2 0.4171875 0.25416666666666665 0.134375 0.20416666666666666
2 0.2140625 0.22708333333333333 0.075 0.15208333333333332
6 0.2328125 0.11666666666666667 0.1140625 0.2
