5 0.2359375 0.10833333333333334 0.090625 0.15833333333333333
2 0.3859375 0.04583333333333333 0.059375 0.075
2 0.384375 0.08333333333333333 0.0671875 0.09375
2 0.253125 0.035416666666666666 0.071875 0.07083333333333333
6 0.2671875 0.09166666666666666 0.14375 0.18333333333333332
2 0.4453125 0.03125 0.0671875 0.06458333333333334
2 0.559375 0.04583333333333333 0.059375 0.08125
2 0.4609375 0.0375 0.0671875 0.07708333333333334
2 0.528125 0.09791666666666667 0.0671875 0.09375
2 0.5109375 0.25833333333333336 0.090625 0.12916666666666668
2 0.353125 0.10208333333333333 0.0828125 0.10625
