6 0.3125 0.07708333333333334 0.134375 0.15416666666666667
0 0.8359375 0.3229166666666667 0.0578125 0.12708333333333333
5 0.296875 0.12916666666666668 0.1125 0.15
2 0.4359375 0.027083333333333334 0.0609375 0.05416666666666667
2 0.53125 0.1125 0.0703125 0.09375
2 0.5734375 0.041666666666666664 0.0578125 0.07708333333333334
2 0.515625 0.2875 0.103125 0.15208333333333332
2 0.4390625 0.23958333333333334 0.1109375 0.14166666666666666
2 0.4015625 0.075 0.071875 0.08958333333333333
2 0.453125 0.04375 0.0609375 0.07708333333333334
2 0.490625 0.027083333333333334 0.059375 0.05625
2 0.3328125 0.6395833333333333 0.2125 0.35833333333333334
