5 0.5859375 0.03333333333333333 0.0703125 0.06875
2 0.4078125 0.07083333333333333 0.075 0.08958333333333333
2 0.4625 0.03958333333333333 0.0640625 0.07916666666666666
2 0.565625 0.06041666666666667 0.059375 0.08541666666666667
2 0.4375 0.03333333333333333 0.0640625 0.06875
2 0.3796875 0.0625 0.0671875 0.08125
6 0.23125 0.11875 0.109375 0.21875
2 0.465625 0.0625 0.071875 0.08958333333333333
2 0.5109375 0.12291666666666666 0.0859375 0.1375
2 0.3234375 0.0875 0.0859375 0.10208333333333333
2 0.2546875 0.17291666666666666 0.115625 0.12916666666666668
