0 0.896875 0.17708333333333334 0.05625 0.1125
2 0.2890625 0.75625 0.225 0.4354166666666667
2 0.5984375 0.06666666666666667 0.059375 0.08125
2 0.4484375 0.04583333333333333 0.0640625 0.08125
2 0.4375 0.2375 0.1015625 0.12916666666666668
2 0.58125 0.029166666666666667 0.0515625 0.06041666666666667
2 0.56875 0.14583333333333334 0.075 0.10208333333333333
2 0.4921875 0.14375 0.0796875 0.10208333333333333
2 0.534375 0.0875 0.0703125 0.09791666666666667
2 0.3328125 0.1125 0.1015625 0.12083333333333333
