5 0.3359375 0.0625 0.078125 0.125
6 0.35625 0.058333333333333334 0.1171875 0.11666666666666667
2 0.3578125 0.09166666666666666 0.0953125 0.13125
0 0.8453125 0.3416666666666667 0.05625 0.12916666666666668
0 0.81875 0.3375 0.0515625 0.12291666666666666
2 0.2 0.23958333333333334 0.046875 0.14375
2 0.4328125 0.05625 0.0671875 0.08541666666666667
2 0.3515625 0.3645833333333333 0.146875 0.19791666666666666
2 0.40625 0.5270833333333333 0.1703125 0.28125
6 0.20625 0.17708333333333334 0.0609375 0.3333333333333333
2 0.4734375 0.03333333333333333 0.059375 0.06666666666666667
2 0.5546875 0.07083333333333333 0.059375 0.08125
2 0.4953125 0.16875 0.0828125 0.1125
