2 0.4296875 0.04791666666666667 0.075 0.09791666666666667
2 0.54375 0.07083333333333333 0.059375 0.08125
2 0.5734375 0.03125 0.0578125 0.06458333333333334
2 0.440625 0.09166666666666666 0.071875 0.09375
6 0.209375 0.13958333333333334 0.065625 0.22083333333333333
0 0.9296875 0.20416666666666666 0.05625 0.10625
5 0.5609375 0.10625 0.0875 0.16875
6 0.34375 0.08541666666666667 0.109375 0.16041666666666668
2 0.3546875 0.5895833333333333 0.178125 0.2875
2 0.515625 0.26875 0.096875 0.14583333333333334
