5 0.353125 0.05416666666666667 0.0671875 0.11041666666666666
6 0.3734375 0.05 0.103125 0.10208333333333333
0 0.8203125 0.3458333333333333 0.053125 0.12916666666666668
0 0.85 0.35 0.0609375 0.13125
2 0.378125 0.07916666666666666 0.0859375 0.12291666666666666
6 0.228125 0.16666666666666666 0.103125 0.3333333333333333
2 0.5421875 0.0875 0.0640625 0.08958333333333333
2 0.225 0.2 0.0984375 0.12291666666666666
2 0.296875 0.775 0.240625 0.39791666666666664
2 0.2828125 0.46041666666666664 0.1828125 0.24583333333333332
2 0.4453125 0.04791666666666667 0.0640625 0.08125
2 0.4703125 0.20416666666666666 0.090625 0.12291666666666666
2 0.48125 0.03125 0.059375 0.0625
