2 0.4609375 0.027083333333333334 0.0609375 0.05416666666666667
2 0.453125 0.04583333333333333 0.059375 0.07708333333333334
2 0.409375 0.04583333333333333 0.0671875 0.08125
6 0.2796875 0.08541666666666667 0.15 0.17291666666666666
2 0.5578125 0.1 0.0640625 0.09375
2 0.440625 0.22083333333333333 0.1265625 0.1875
2 0.4671875 0.0625 0.071875 0.08958333333333333
2 0.4859375 0.029166666666666667 0.059375 0.058333333333333334
2 0.365625 0.06458333333333334 0.078125 0.08958333333333333
2 0.353125 0.10833333333333334 0.0875 0.09791666666666667
6 0.225 0.125 0.0984375 0.20833333333333334
