5 0.446875 0.04583333333333333 0.078125 0.09166666666666666
0 0.8609375 0.20416666666666666 0.059375 0.1125
6 0.453125 0.3375 0.2015625 0.39166666666666666
6 0.284375 0.08541666666666667 0.14375 0.17083333333333334
2 0.2375 0.9020833333333333 0.121875 0.14583333333333334
2 0.6125 0.0375 0.0578125 0.07708333333333334
5 0.2296875 0.10833333333333334 0.1046875 0.16875
2 0.5265625 0.10833333333333334 0.071875 0.10208333333333333
2 0.5703125 0.035416666666666666 0.0578125 0.07291666666666667
2 0.3171875 0.12916666666666668 0.0953125 0.11041666666666666
