0 0.84375 0.39791666666666664 0.0578125 0.13125
2 0.2765625 0.16458333333333333 0.1046875 0.11041666666666666
5 0.228125 0.10208333333333333 0.103125 0.19791666666666666
0 0.8703125 0.4041666666666667 0.0609375 0.1375
2 0.5625 0.041666666666666664 0.059375 0.08541666666666667
6 0.278125 0.09791666666666667 0.2046875 0.19583333333333333
2 0.3734375 0.09791666666666667 0.0796875 0.08958333333333333
2 0.48125 0.03125 0.059375 0.0625
2 0.45 0.04375 0.071875 0.08958333333333333
2 0.4515625 0.22083333333333333 0.09375 0.12083333333333333
2 0.2578125 0.5375 0.1640625 0.2875
