2 0.4625 0.0375 0.0640625 0.075
2 0.55 0.06666666666666667 0.059375 0.08125
2 0.3921875 0.058333333333333334 0.0671875 0.08541666666666667
0 0.846875 0.2875 0.0578125 0.13125
2 0.7859375 0.8791666666666667 0.3421875 0.18958333333333333
2 0.3921875 0.08333333333333333 0.071875 0.08958333333333333
2 0.575 0.03333333333333333 0.05625 0.06875
2 0.4390625 0.20833333333333334 0.11875 0.19375
2 0.5453125 0.19375 0.0796875 0.1125
2 0.3875 0.51875 0.1859375 0.3104166666666667
2 0.234375 0.5833333333333334 0.1171875 0.32083333333333336
