2 0.4359375 0.027083333333333334 0.059375 0.05625
2 0.4140625 0.041666666666666664 0.071875 0.08541666666666667
2 0.58125 0.027083333333333334 0.053125 0.05416666666666667
2 0.5234375 0.03125 0.059375 0.0625
2 0.5578125 0.15416666666666667 0.071875 0.10208333333333333
2 0.3546875 0.34791666666666665 0.1421875 0.18125
2 0.4046875 0.44583333333333336 0.15 0.22708333333333333
2 0.2234375 0.19375 0.0953125 0.14375
2 0.55625 0.05416666666666667 0.059375 0.08541666666666667
2 0.328125 0.0875 0.0859375 0.09791666666666667
