2 0.4296875 0.05625 0.071875 0.09791666666666667
2 0.41875 0.09791666666666667 0.0828125 0.10208333333333333
2 0.315625 0.05416666666666667 0.1125 0.10833333333333334
5 0.3625 0.08333333333333333 0.0953125 0.1375
2 0.5734375 0.03333333333333333 0.059375 0.06666666666666667
2 0.584375 0.10625 0.0640625 0.08958333333333333
2 0.4 0.5020833333333333 0.15 0.23958333333333334
2 0.4265625 0.24375 0.1109375 0.14583333333333334
2 0.53125 0.08541666666666667 0.0671875 0.09375
2 0.2609375 0.49375 0.1703125 0.24583333333333332
2 0.5515625 0.18333333333333332 0.0796875 0.10625
