1 0.2046875 0.11041666666666666 0.0578125 0.09375
2 0.7890625 0.8895833333333333 0.325 0.17083333333333334
6 0.4328125 0.035416666666666666 0.0796875 0.07291666666666667
5 0.421875 0.0375 0.0640625 0.07708333333333334
2 0.409375 0.07291666666666667 0.071875 0.08541666666666667
2 0.478125 0.03333333333333333 0.0609375 0.06875
2 0.4078125 0.27291666666666664 0.115625 0.15
2 0.4875 0.15416666666666667 0.0796875 0.10208333333333333
2 0.2171875 0.6604166666666667 0.08125 0.3416666666666667
2 0.3453125 0.11666666666666667 0.0828125 0.09791666666666667
2 0.2984375 0.10833333333333334 0.0859375 0.09791666666666667
