0 0.8046875 0.2916666666666667 0.0515625 0.11458333333333333
0 0.8265625 0.2916666666666667 0.0515625 0.11875
2 0.4 0.07916666666666666 0.071875 0.08541666666666667
2 0.2734375 0.8104166666666667 0.1953125 0.32708333333333334
2 0.253125 0.035416666666666666 0.071875 0.07083333333333333
2 0.584375 0.125 0.071875 0.09791666666666667
2 0.3859375 0.0375 0.0671875 0.07708333333333334
2 0.534375 0.21458333333333332 0.0875 0.12083333333333333
2 0.565625 0.05 0.059375 0.08125
2 0.321875 0.12708333333333333 0.0875 0.10208333333333333
6 0.234375 0.11666666666666667 0.1171875 0.20416666666666666
2 0.4578125 0.0375 0.0640625 0.07708333333333334
2 0.51875 0.11875 0.075 0.09791666666666667
