2 0.45625 0.029166666666666667 0.05625 0.058333333333333334
2 0.425 0.03958333333333333 0.0640625 0.07916666666666666
5 0.2359375 0.10625 0.0875 0.15833333333333333
2 0.3765625 0.058333333333333334 0.0703125 0.08125
2 0.3453125 0.3729166666666667 0.1359375 0.19791666666666666
2 0.44375 0.04583333333333333 0.0640625 0.08125
6 0.2671875 0.09166666666666666 0.1421875 0.17708333333333334
2 0.2859375 0.15208333333333332 0.0953125 0.1125
2 0.3703125 0.09166666666666666 0.0796875 0.10208333333333333
2 0.20625 0.2125 0.0609375 0.17291666666666666
