5 0.3875 0.04791666666666667 0.0671875 0.09583333333333334
6 0.40625 0.04583333333333333 0.0953125 0.09166666666666666
2 0.4796875 0.03125 0.059375 0.06458333333333334
2 0.4296875 0.058333333333333334 0.071875 0.08541666666666667
2 0.4546875 0.027083333333333334 0.0609375 0.05625
2 0.5109375 0.125 0.075 0.10208333333333333
2 0.425 0.24791666666666667 0.1015625 0.1375
2 0.5453125 0.07083333333333333 0.059375 0.08125
2 0.2109375 0.16458333333333333 0.06875 0.12083333333333333
2 0.2390625 0.5770833333333333 0.1265625 0.2875
2 0.3046875 0.14166666666666666 0.090625 0.10625
