2 0.434375 0.05 0.075 0.1
0 0.865625 0.3854166666666667 0.0578125 0.1375
0 0.834375 0.37916666666666665 0.0515625 0.12916666666666668
6 0.265625 0.11458333333333333 0.178125 0.22916666666666666
2 0.2234375 0.20416666666666666 0.09375 0.12916666666666668
2 0.3453125 0.38333333333333336 0.14375 0.20416666666666666
2 0.575 0.03333333333333333 0.059375 0.06666666666666667
2 0.4734375 0.03333333333333333 0.059375 0.06875
2 0.4875 0.16666666666666666 0.0796875 0.10625
2 0.3390625 0.11875 0.0828125 0.09791666666666667
