2 0.7984375 0.7708333333333334 0.3171875 0.40625
5 0.440625 0.041666666666666664 0.071875 0.08541666666666667
2 0.434375 0.0875 0.078125 0.09791666666666667
2 0.375 0.058333333333333334 0.075 0.08958333333333333
2 0.2203125 0.20416666666666666 0.0875 0.13541666666666666
2 0.203125 0.17083333333333334 0.053125 0.1375
2 0.2984375 0.10833333333333334 0.0828125 0.09375
2 0.2921875 0.7270833333333333 0.2328125 0.49583333333333335
2 0.359375 0.10208333333333333 0.0828125 0.09375
4 0.45 0.18125 0.175 0.27291666666666664
