2 0.453125 0.04583333333333333 0.0640625 0.07708333333333334
2 0.540625 0.07916666666666666 0.0609375 0.08541666666666667
2 0.6046875 0.052083333333333336 0.0578125 0.07708333333333334
2 0.5515625 0.16666666666666666 0.078125 0.11041666666666666
2 0.3859375 0.08541666666666667 0.071875 0.09375
2 0.234375 0.19583333333333333 0.1171875 0.12083333333333333
6 0.2375 0.15 0.1234375 0.3020833333333333
2 0.4390625 0.22708333333333333 0.1 0.12916666666666668
2 0.2359375 0.5854166666666667 0.11875 0.32708333333333334
2 0.515625 0.11666666666666667 0.071875 0.09791666666666667
