2 0.278125 0.8104166666666667 0.203125 0.32708333333333334
2 0.203125 0.24375 0.0546875 0.14583333333333334
2 0.45625 0.041666666666666664 0.0703125 0.08541666666666667
2 0.5125 0.25833333333333336 0.09375 0.12916666666666668
2 0.3703125 0.3125 0.134375 0.18333333333333332
2 0.49375 0.15 0.075 0.10208333333333333
2 0.2140625 0.6708333333333333 0.075 0.3458333333333333
2 0.290625 0.15208333333333332 0.1015625 0.1125
2 0.3296875 0.09166666666666666 0.0859375 0.09791666666666667
2 0.2078125 0.08541666666666667 0.0640625 0.08958333333333333
