6 0.3203125 0.075 0.15625 0.15208333333333332
2 0.2 0.7291666666666666 0.0484375 0.4
2 0.390625 0.2916666666666667 0.115625 0.15833333333333333
5 0.278125 0.08333333333333333 0.0953125 0.16041666666666668
2 0.378125 0.09375 0.078125 0.09375
2 0.446875 0.04583333333333333 0.0671875 0.08125
2 0.4140625 0.49375 0.1671875 0.27708333333333335
2 0.234375 0.18541666666666667 0.1171875 0.12916666666666668
2 0.46875 0.1875 0.0828125 0.1125
2 0.5703125 0.1375 0.0703125 0.09791666666666667
2 0.4875 0.029166666666666667 0.059375 0.058333333333333334
