6 0.3390625 0.5895833333333333 0.325 0.6604166666666667
5 0.471875 0.035416666666666666 0.071875 0.07291666666666667
0 0.846875 0.20833333333333334 0.053125 0.11458333333333333
2 0.584375 0.027083333333333334 0.0578125 0.05416666666666667
6 0.346875 0.06875 0.1546875 0.13958333333333334
2 0.6046875 0.05 0.059375 0.09375
2 0.4921875 0.15625 0.0859375 0.11875
5 0.296875 0.07708333333333334 0.1015625 0.15208333333333332
2 0.5578125 0.04791666666666667 0.059375 0.08541666666666667
2 0.3703125 0.09375 0.0796875 0.10208333333333333
2 0.2 0.23125 0.046875 0.15833333333333333
