0 0.846875 0.33958333333333335 0.0640625 0.12291666666666666
2 0.45625 0.041666666666666664 0.0671875 0.08541666666666667
2 0.5859375 0.11666666666666667 0.0703125 0.09791666666666667
2 0.5421875 0.08333333333333333 0.0640625 0.08958333333333333
2 0.4765625 0.18541666666666667 0.096875 0.13541666666666666
2 0.45 0.4083333333333333 0.134375 0.20833333333333334
2 0.2046875 0.17291666666666666 0.05625 0.12083333333333333
2 0.4734375 0.05416666666666667 0.0703125 0.09791666666666667
2 0.34375 0.3541666666666667 0.1390625 0.18125
2 0.265625 0.16458333333333333 0.1046875 0.12083333333333333
