2 0.5234375 0.10208333333333333 0.0640625 0.08958333333333333
0 0.909375 0.20208333333333334 0.053125 0.11041666666666666
6 0.3875 0.0625 0.09375 0.125
5 0.3796875 0.07708333333333334 0.090625 0.12708333333333333
6 0.2015625 0.14583333333333334 0.05 0.25833333333333336
2 0.24375 0.86875 0.134375 0.2125
2 0.45625 0.03958333333333333 0.0703125 0.07916666666666666
2 0.5625 0.04583333333333333 0.059375 0.08125
2 0.4640625 0.37916666666666665 0.1265625 0.2
5 0.5421875 0.15416666666666667 0.1078125 0.21458333333333332
