5 0.25 0.10208333333333333 0.0875 0.15416666666666667
2 0.253125 0.035416666666666666 0.071875 0.07083333333333333
2 0.3921875 0.05 0.071875 0.08541666666666667
2 0.4484375 0.03125 0.0671875 0.06458333333333334
6 0.28125 0.0875 0.1390625 0.175
2 0.496875 0.2875 0.0953125 0.1375
2 0.5546875 0.05416666666666667 0.059375 0.08541666666666667
2 0.465625 0.035416666666666666 0.0671875 0.07291666666666667
2 0.521875 0.10833333333333334 0.0703125 0.09791666666666667
2 0.3703125 0.09375 0.0828125 0.10625
