6 0.4671875 0.035416666666666666 0.0671875 0.07291666666666667
2 0.425 0.058333333333333334 0.0703125 0.09791666666666667
5 0.3453125 0.09375 0.1015625 0.14375
2 0.5796875 0.027083333333333334 0.05625 0.05625
2 0.45625 0.2 0.096875 0.13125
2 0.5453125 0.06666666666666667 0.0640625 0.08541666666666667
2 0.4578125 0.3729166666666667 0.11875 0.18541666666666667
2 0.340625 0.3729166666666667 0.1421875 0.2
2 0.5625 0.15625 0.075 0.10208333333333333
2 0.28125 0.058333333333333334 0.1203125 0.11666666666666667
2 0.5890625 0.08958333333333333 0.059375 0.08541666666666667
