2 0.9265625 0.8854166666666666 0.0609375 0.17916666666666667
0 0.8125 0.31875 0.053125 0.12083333333333333
0 0.8359375 0.31875 0.0515625 0.12083333333333333
2 0.253125 0.035416666666666666 0.0703125 0.07083333333333333
6 0.3 0.075 0.1390625 0.15208333333333332
2 0.3890625 0.5229166666666667 0.175 0.26458333333333334
2 0.39375 0.08333333333333333 0.075 0.09375
2 0.5765625 0.035416666666666666 0.053125 0.07083333333333333
2 0.4296875 0.027083333333333334 0.0640625 0.05625
2 0.5375 0.10208333333333333 0.0671875 0.09375
2 0.2765625 0.13958333333333334 0.11875 0.15416666666666667
2 0.53125 0.25 0.0953125 0.13541666666666666
2 0.4875 0.029166666666666667 0.0578125 0.06041666666666667
2 0.4546875 0.21875 0.1 0.13125
2 0.446875 0.04583333333333333 0.0640625 0.08125
