2 0.39375 0.07916666666666666 0.078125 0.09791666666666667
2 0.5765625 0.03125 0.053125 0.0625
2 0.4640625 0.36041666666666666 0.1125 0.16875
5 0.278125 0.09166666666666666 0.0828125 0.14583333333333334
2 0.546875 0.06666666666666667 0.0640625 0.08541666666666667
2 0.45625 0.029166666666666667 0.0640625 0.06041666666666667
2 0.21875 0.20416666666666666 0.084375 0.1375
2 0.478125 0.03333333333333333 0.0640625 0.06666666666666667
2 0.5078125 0.12916666666666668 0.071875 0.10208333333333333
6 0.3046875 0.07916666666666666 0.1265625 0.16041666666666668
