2 0.2953125 0.1375 0.090625 0.1125
2 0.41875 0.06666666666666667 0.071875 0.08958333333333333
2 0.4203125 0.0375 0.0671875 0.07708333333333334
6 0.221875 0.12708333333333333 0.0921875 0.21458333333333332
2 0.3125 0.40625 0.1625 0.20416666666666666
2 0.440625 0.027083333333333334 0.059375 0.05416666666666667
2 0.553125 0.058333333333333334 0.059375 0.08541666666666667
2 0.5265625 0.029166666666666667 0.059375 0.06041666666666667
2 0.5765625 0.027083333333333334 0.05625 0.05625
2 0.3734375 0.5145833333333333 0.175 0.2625
2 0.553125 0.16666666666666666 0.071875 0.10208333333333333
2 0.3390625 0.07916666666666666 0.0828125 0.09791666666666667
2 0.24375 0.17083333333333334 0.1109375 0.13541666666666666
