2 0.3234375 0.13333333333333333 0.0953125 0.10208333333333333
2 0.425 0.0625 0.0671875 0.08541666666666667
2 0.471875 0.035416666666666666 0.059375 0.07291666666666667
2 0.3296875 0.375 0.146875 0.2
2 0.5109375 0.26875 0.1015625 0.14375
2 0.5109375 0.12291666666666666 0.0703125 0.09791666666666667
5 0.209375 0.12291666666666666 0.0671875 0.19375
2 0.46875 0.18333333333333332 0.0875 0.11875
2 0.5890625 0.08541666666666667 0.0640625 0.08541666666666667
6 0.2703125 0.10416666666666667 0.1875 0.21041666666666667
