5 0.6234375 0.027083333333333334 0.059375 0.05625
2 0.459375 0.0375 0.0640625 0.07708333333333334
5 0.3640625 0.05416666666666667 0.075 0.11041666666666666
2 0.440625 0.03333333333333333 0.0640625 0.06666666666666667
2 0.5640625 0.041666666666666664 0.05625 0.07708333333333334
2 0.540625 0.07916666666666666 0.0640625 0.08541666666666667
6 0.3796875 0.052083333333333336 0.1 0.10625
2 0.384375 0.3125 0.11875 0.1625
2 0.384375 0.08958333333333333 0.0796875 0.09375
2 0.4859375 0.15625 0.0796875 0.1125
2 0.2109375 0.21875 0.06875 0.13541666666666666
