5 0.215625 0.11458333333333333 0.0796875 0.18541666666666667
2 0.425 0.058333333333333334 0.0671875 0.08125
2 0.5859375 0.09375 0.0640625 0.08541666666666667
2 0.503125 0.28958333333333336 0.1046875 0.15208333333333332
2 0.4765625 0.035416666666666666 0.059375 0.07083333333333333
2 0.50625 0.12916666666666668 0.071875 0.09791666666666667
2 0.4609375 0.19583333333333333 0.090625 0.12083333333333333
2 0.3046875 0.4125 0.159375 0.2125
2 0.3328125 0.125 0.090625 0.09791666666666667
6 0.2734375 0.10208333333333333 0.1953125 0.20416666666666666
