2 0.4015625 0.035416666666666666 0.0671875 0.07291666666666667
0 0.828125 0.30416666666666664 0.053125 0.12083333333333333
0 0.8078125 0.3 0.053125 0.12083333333333333
6 0.2515625 0.10208333333333333 0.15 0.19375
2 0.50625 0.275 0.103125 0.14375
2 0.559375 0.06666666666666667 0.0609375 0.08541666666666667
2 0.41875 0.06875 0.0671875 0.08958333333333333
2 0.209375 0.20833333333333334 0.0671875 0.2
2 0.4703125 0.035416666666666666 0.059375 0.07083333333333333
2 0.5703125 0.15625 0.075 0.10625
2 0.5 0.14375 0.0796875 0.11041666666666666
2 0.3515625 0.11041666666666666 0.0828125 0.09791666666666667
