5 0.3859375 0.04791666666666667 0.0671875 0.09791666666666667
6 0.446875 0.04375 0.0828125 0.08958333333333333
5 0.4359375 0.04375 0.0640625 0.08958333333333333
2 0.3171875 0.09166666666666666 0.0828125 0.10625
2 0.321875 0.38958333333333334 0.14375 0.2
2 0.584375 0.029166666666666667 0.0515625 0.06041666666666667
6 0.221875 0.125 0.0921875 0.21458333333333332
2 0.3546875 0.10208333333333333 0.09375 0.12083333333333333
2 0.5234375 0.1125 0.0703125 0.08958333333333333
2 0.2015625 0.22291666666666668 0.05 0.21666666666666667
