0 0.8140625 0.25833333333333336 0.05 0.11458333333333333
0 0.790625 0.25625 0.05 0.1125
2 0.3140625 0.41041666666666665 0.178125 0.23125
2 0.6171875 0.035416666666666666 0.053125 0.07291666666666667
2 0.6 0.06875 0.059375 0.08541666666666667
2 0.5703125 0.035416666666666666 0.0578125 0.07291666666666667
2 0.56875 0.15416666666666667 0.075 0.10625
2 0.2578125 0.07708333333333334 0.0953125 0.08958333333333333
2 0.2296875 0.19166666666666668 0.10625 0.12291666666666666
2 0.371875 0.09375 0.078125 0.09375
