2 0.8046875 0.85 0.3046875 0.25
0 0.8421875 0.2791666666666667 0.053125 0.12708333333333333
2 0.5609375 0.04791666666666667 0.05625 0.07708333333333334
2 0.378125 0.06458333333333334 0.0703125 0.08125
2 0.4484375 0.041666666666666664 0.0671875 0.08541666666666667
2 0.4515625 0.3958333333333333 0.1421875 0.23333333333333334
2 0.5609375 0.15208333333333332 0.071875 0.10208333333333333
2 0.5828125 0.027083333333333334 0.0515625 0.05625
2 0.29375 0.4270833333333333 0.1671875 0.23125
2 0.3703125 0.09791666666666667 0.0796875 0.09375
