5 0.353125 0.058333333333333334 0.071875 0.11666666666666667
6 0.3703125 0.05416666666666667 0.1 0.11041666666666666
2 0.4375 0.03333333333333333 0.0640625 0.06875
5 0.6234375 0.027083333333333334 0.059375 0.05416666666666667
2 0.56875 0.035416666666666666 0.05625 0.07083333333333333
2 0.4140625 0.26875 0.1078125 0.14583333333333334
2 0.453125 0.041666666666666664 0.0640625 0.08333333333333333
2 0.4984375 0.13958333333333334 0.078125 0.10625
2 0.546875 0.06875 0.0640625 0.08541666666666667
2 0.3640625 0.1 0.0828125 0.09375
