6 0.3625 0.06041666666666667 0.1203125 0.12291666666666666
5 0.26875 0.09375 0.0828125 0.14166666666666666
2 0.4140625 0.041666666666666664 0.071875 0.08333333333333333
5 0.2421875 0.17083333333333334 0.1265625 0.14583333333333334
2 0.4453125 0.04583333333333333 0.0640625 0.08125
2 0.5828125 0.027083333333333334 0.0515625 0.05416666666666667
2 0.2015625 0.7541666666666667 0.0515625 0.44166666666666665
2 0.51875 0.24791666666666667 0.0953125 0.1375
2 0.4546875 0.027083333333333334 0.059375 0.05416666666666667
6 0.3 0.08125 0.134375 0.1625
2 0.3671875 0.1 0.0875 0.09791666666666667
4 0.540625 0.09375 0.115625 0.18125
