5 0.45625 0.027083333333333334 0.0609375 0.05416666666666667
2 0.4078125 0.075 0.075 0.09375
0 0.8671875 0.47291666666666665 0.059375 0.14583333333333334
0 0.9046875 0.47708333333333336 0.0671875 0.15208333333333332
2 0.4484375 0.04583333333333333 0.0671875 0.08125
5 0.484375 0.03125 0.0640625 0.06458333333333334
2 0.4796875 0.16458333333333333 0.090625 0.1375
6 0.3640625 0.06041666666666667 0.134375 0.12291666666666666
2 0.196875 0.75 0.0421875 0.38958333333333334
5 0.3390625 0.0625 0.0875 0.12708333333333333
2 0.2703125 0.16458333333333333 0.1078125 0.11875
