5 0.2828125 0.08541666666666667 0.078125 0.12708333333333333
2 0.45625 0.041666666666666664 0.0640625 0.08125
2 0.578125 0.03125 0.053125 0.06458333333333334
2 0.4234375 0.03958333333333333 0.0671875 0.07916666666666666
6 0.3125 0.075 0.128125 0.15208333333333332
2 0.4671875 0.0625 0.071875 0.08958333333333333
5 0.2734375 0.15208333333333332 0.115625 0.13541666666666666
2 0.3828125 0.08958333333333333 0.075 0.09375
2 0.503125 0.2916666666666667 0.1078125 0.16041666666666668
4 0.53125 0.10625 0.1328125 0.19583333333333333
