2 0.465625 0.0625 0.0703125 0.08958333333333333
2 0.2125 0.6416666666666667 0.0734375 0.2916666666666667
2 0.4328125 0.0875 0.075 0.09791666666666667
2 0.8203125 0.7708333333333334 0.2734375 0.40625
2 0.56875 0.041666666666666664 0.0640625 0.08333333333333333
2 0.2078125 0.22916666666666666 0.0625 0.14583333333333334
4 0.4625 0.1625 0.165625 0.25833333333333336
2 0.3671875 0.0625 0.078125 0.09375
2 0.3359375 0.5583333333333333 0.259375 0.41875
2 0.2890625 0.1125 0.0875 0.09375
2 0.34375 0.11458333333333333 0.0875 0.09791666666666667
