5 0.5734375 0.05 0.078125 0.1
2 0.446875 0.04583333333333333 0.059375 0.07708333333333334
2 0.45 0.20833333333333334 0.11875 0.18125
2 0.4578125 0.027083333333333334 0.0609375 0.05625
6 0.271875 0.0875 0.1515625 0.175
2 0.3609375 0.06666666666666667 0.078125 0.09375
2 0.5578125 0.09375 0.0640625 0.09375
2 0.4078125 0.04583333333333333 0.0640625 0.08125
2 0.4671875 0.0625 0.071875 0.08958333333333333
2 0.4828125 0.029166666666666667 0.059375 0.06041666666666667
2 0.3453125 0.11458333333333333 0.0875 0.10208333333333333
6 0.221875 0.13125 0.0921875 0.225
