5 0.325 0.06875 0.071875 0.12708333333333333
2 0.4328125 0.08541666666666667 0.075 0.08958333333333333
2 0.4328125 0.05625 0.0703125 0.08125
2 0.4421875 0.03333333333333333 0.059375 0.06875
2 0.5546875 0.06666666666666667 0.059375 0.08125
2 0.3515625 0.1 0.09375 0.1125
2 0.475 0.035416666666666666 0.0609375 0.07083333333333333
2 0.5765625 0.03333333333333333 0.05625 0.06666666666666667
2 0.3515625 0.6125 0.209375 0.35208333333333336
2 0.2109375 0.1625 0.0703125 0.13125
4 0.453125 0.16458333333333333 0.26875 0.23125
2 0.278125 0.15 0.1078125 0.12291666666666666
