2 0.384375 0.06041666666666667 0.0671875 0.08125
2 0.790625 0.8625 0.3328125 0.22291666666666668
2 0.45625 0.18541666666666667 0.1078125 0.17916666666666667
2 0.3796875 0.08958333333333333 0.075 0.09375
2 0.55625 0.05625 0.059375 0.08125
2 0.45625 0.03958333333333333 0.0640625 0.07916666666666666
2 0.4296875 0.4395833333333333 0.159375 0.2625
2 0.5796875 0.029166666666666667 0.0515625 0.06041666666666667
2 0.2609375 0.48333333333333334 0.16875 0.25833333333333336
2 0.5546875 0.16875 0.075 0.10625
