2 0.3953125 0.9020833333333333 0.3625 0.14375
2 0.403125 0.04583333333333333 0.075 0.08541666666666667
5 0.246875 0.11041666666666666 0.0875 0.14166666666666666
2 0.4328125 0.0875 0.075 0.09375
2 0.428125 0.06041666666666667 0.071875 0.08541666666666667
6 0.34375 0.06458333333333334 0.1203125 0.12916666666666668
2 0.484375 0.03125 0.059375 0.0625
2 0.44375 0.03125 0.0609375 0.0625
4 0.5515625 0.07916666666666666 0.0953125 0.16041666666666668
2 0.5359375 0.19583333333333333 0.0796875 0.11875
6 0.278125 0.0875 0.1390625 0.175
2 0.2125 0.2125 0.071875 0.16875
2 0.2578125 0.5729166666666666 0.1625 0.41458333333333336
2 0.3328125 0.125 0.0953125 0.10625
