0 0.821875 0.2833333333333333 0.05625 0.12083333333333333
2 0.4328125 0.44375 0.15 0.23541666666666666
2 0.5984375 0.09166666666666666 0.0609375 0.08958333333333333
2 0.359375 0.05 0.075 0.08125
6 0.2078125 0.15 0.0640625 0.23333333333333334
2 0.5625 0.15416666666666667 0.075 0.10625
2 0.578125 0.035416666666666666 0.0578125 0.07291666666666667
2 0.440625 0.05 0.0671875 0.08125
2 0.2609375 0.16458333333333333 0.1046875 0.12083333333333333
2 0.3671875 0.1 0.078125 0.09375
2 0.5390625 0.08541666666666667 0.0671875 0.08958333333333333
