6 0.3671875 0.06458333333333334 0.146875 0.12916666666666668
0 0.8390625 0.21458333333333332 0.0515625 0.1125
5 0.484375 0.029166666666666667 0.071875 0.06041666666666667
2 0.5984375 0.058333333333333334 0.0609375 0.09791666666666667
2 0.578125 0.03125 0.059375 0.06458333333333334
2 0.3921875 0.08333333333333333 0.078125 0.09375
2 0.55 0.06041666666666667 0.0640625 0.08958333333333333
5 0.321875 0.06875 0.1 0.13958333333333334
2 0.465625 0.19166666666666668 0.090625 0.12916666666666668
2 0.2296875 0.18541666666666667 0.1078125 0.13125
