2 0.425 0.0375 0.0640625 0.07708333333333334
2 0.446875 0.04583333333333333 0.0640625 0.07708333333333334
2 0.571875 0.04583333333333333 0.059375 0.08541666666666667
2 0.3671875 0.06875 0.071875 0.08541666666666667
2 0.2078125 0.22916666666666666 0.0640625 0.15208333333333332
2 0.3765625 0.09375 0.078125 0.08958333333333333
5 0.5 0.027083333333333334 0.0828125 0.05625
2 0.5296875 0.09375 0.078125 0.12291666666666666
2 0.2984375 0.10208333333333333 0.090625 0.10625
6 0.2109375 0.14375 0.06875 0.24375
