2 0.4671875 0.0375 0.0640625 0.07708333333333334
2 0.378125 0.058333333333333334 0.075 0.08958333333333333
6 0.3015625 0.07708333333333334 0.1421875 0.15625
2 0.553125 0.12083333333333333 0.0640625 0.09791666666666667
2 0.378125 0.09166666666666666 0.078125 0.09791666666666667
5 0.2015625 0.1375 0.05 0.16875
2 0.421875 0.0375 0.0609375 0.07708333333333334
2 0.23125 0.2 0.1109375 0.1375
6 0.2390625 0.11041666666666666 0.1265625 0.19583333333333333
2 0.390625 0.2916666666666667 0.15 0.22916666666666666
