5 0.2390625 0.09583333333333334 0.109375 0.18333333333333332
2 0.434375 0.05 0.0671875 0.08125
2 0.4765625 0.35625 0.11875 0.18333333333333332
2 0.58125 0.11041666666666666 0.0640625 0.08958333333333333
2 0.4796875 0.03125 0.059375 0.0625
2 0.434375 0.23333333333333334 0.096875 0.12916666666666668
2 0.2078125 0.22708333333333333 0.0640625 0.15208333333333332
2 0.3546875 0.11041666666666666 0.0875 0.09791666666666667
2 0.49375 0.15208333333333332 0.075 0.10208333333333333
2 0.253125 0.5166666666666667 0.153125 0.2708333333333333
6 0.2921875 0.08958333333333333 0.2015625 0.18125
