0 0.7921875 0.26875 0.0515625 0.1125
0 0.81875 0.27291666666666664 0.0515625 0.11875
5 0.484375 0.03125 0.0703125 0.06458333333333334
2 0.2265625 0.6916666666666667 0.1015625 0.41875
2 0.5265625 0.24791666666666667 0.0953125 0.1375
2 0.609375 0.058333333333333334 0.0578125 0.08125
2 0.5578125 0.05416666666666667 0.0609375 0.08125
2 0.315625 0.0625 0.0875 0.08541666666666667
2 0.309375 0.1375 0.0875 0.10208333333333333
2 0.409375 0.06875 0.071875 0.08958333333333333
2 0.584375 0.10208333333333333 0.0671875 0.09375
