0 0.8390625 0.2708333333333333 0.053125 0.12083333333333333
2 0.8671875 0.84375 0.1796875 0.2604166666666667
5 0.4265625 0.03333333333333333 0.0671875 0.06875
2 0.35625 0.3375 0.1359375 0.1875
2 0.4921875 0.13541666666666666 0.09375 0.15208333333333332
2 0.4875 0.3125 0.11875 0.18958333333333333
2 0.56875 0.035416666666666666 0.05625 0.07291666666666667
2 0.5703125 0.12291666666666666 0.0703125 0.09375
2 0.3640625 0.075 0.075 0.08541666666666667
2 0.4390625 0.04791666666666667 0.0671875 0.08541666666666667
2 0.346875 0.11458333333333333 0.0828125 0.09791666666666667
