5 0.378125 0.07916666666666666 0.1046875 0.13541666666666666
5 0.478125 0.03125 0.0828125 0.06458333333333334
2 0.378125 0.07916666666666666 0.1078125 0.13541666666666666
2 0.4421875 0.04791666666666667 0.075 0.09583333333333334
2 0.53125 0.13958333333333334 0.0671875 0.09791666666666667
6 0.3359375 0.06875 0.1171875 0.1375
5 0.3140625 0.07291666666666667 0.0828125 0.14166666666666666
2 0.565625 0.05 0.0578125 0.07708333333333334
2 0.2328125 0.1875 0.1125 0.12708333333333333
2 0.253125 0.5375 0.1546875 0.2625
