0 0.465625 0.12708333333333333 0.0484375 0.10208333333333333
0 0.375 0.125 0.0453125 0.09375
1 0.671875 0.15208333333333332 0.05625 0.10625
5 0.85 0.22083333333333333 0.1078125 0.2
4 0.44375 0.5020833333333333 0.5203125 0.47291666666666665
4 0.2578125 0.15833333333333333 0.1640625 0.19791666666666666
2 0.3640625 0.09791666666666667 0.0796875 0.09791666666666667
2 0.665625 0.2833333333333333 0.165625 0.12916666666666668
6 0.88125 0.23333333333333334 0.153125 0.24791666666666667
2 0.3171875 0.09166666666666666 0.09375 0.11041666666666666
2 0.5453125 0.20625 0.1359375 0.11458333333333333
