2 0.409375 0.04375 0.071875 0.0875
6 0.3484375 0.06458333333333334 0.11875 0.13125
2 0.2234375 0.19583333333333333 0.0953125 0.16041666666666668
6 0.284375 0.08333333333333333 0.134375 0.16666666666666666
2 0.53125 0.20833333333333334 0.0859375 0.12708333333333333
5 0.2546875 0.10625 0.0859375 0.14166666666666666
2 0.4484375 0.029166666666666667 0.059375 0.06041666666666667
4 0.5484375 0.08333333333333333 0.103125 0.16875
2 0.2421875 0.6458333333333334 0.13125 0.48125
2 0.3453125 0.11666666666666667 0.090625 0.10625
