0 0.8234375 0.2875 0.0515625 0.12083333333333333
2 0.384375 0.5416666666666666 0.1859375 0.28958333333333336
0 0.8 0.28541666666666665 0.05 0.11875
6 0.21875 0.1375 0.0859375 0.22083333333333333
2 0.446875 0.04583333333333333 0.0640625 0.08125
2 0.5734375 0.03958333333333333 0.0578125 0.07708333333333334
2 0.36875 0.04583333333333333 0.071875 0.07708333333333334
2 0.59375 0.10208333333333333 0.0640625 0.08958333333333333
2 0.5546875 0.17083333333333334 0.078125 0.1125
2 0.378125 0.09375 0.075 0.09375
2 0.5328125 0.09375 0.0671875 0.09375
2 0.284375 0.15208333333333332 0.1 0.1125
