0 0.8421875 0.33541666666666664 0.053125 0.12708333333333333
2 0.8296875 0.8916666666666667 0.25625 0.16666666666666666
0 0.815625 0.33125 0.0515625 0.12916666666666668
6 0.3359375 0.06666666666666667 0.1203125 0.13541666666666666
2 0.246875 0.8625 0.1421875 0.22291666666666668
2 0.475 0.3770833333333333 0.125 0.19791666666666666
2 0.41875 0.06666666666666667 0.0671875 0.08958333333333333
2 0.3296875 0.10833333333333334 0.1 0.14166666666666666
2 0.5640625 0.05416666666666667 0.059375 0.08125
2 0.4015625 0.29375 0.125 0.16666666666666666
2 0.5140625 0.1375 0.075 0.10208333333333333
2 0.4640625 0.0375 0.0609375 0.07708333333333334
