0 0.8359375 0.25833333333333336 0.0515625 0.12083333333333333
2 0.4890625 0.04583333333333333 0.0640625 0.08125
2 0.440625 0.09166666666666666 0.071875 0.09375
2 0.578125 0.029166666666666667 0.0515625 0.058333333333333334
2 0.484375 0.029166666666666667 0.059375 0.06041666666666667
2 0.5828125 0.09166666666666666 0.0609375 0.08958333333333333
2 0.4171875 0.2520833333333333 0.1109375 0.15208333333333332
2 0.515625 0.10208333333333333 0.0828125 0.1375
2 0.3390625 0.0875 0.0796875 0.09375
2 0.303125 0.14166666666666666 0.09375 0.10625
