2 0.440625 0.04583333333333333 0.0640625 0.07708333333333334
2 0.253125 0.035416666666666666 0.071875 0.07083333333333333
5 0.203125 0.1375 0.0546875 0.16875
2 0.43125 0.0375 0.0703125 0.075
2 0.296875 0.13958333333333334 0.1 0.12083333333333333
2 0.5703125 0.03333333333333333 0.0578125 0.06875
2 0.2359375 0.6 0.1203125 0.30625
2 0.53125 0.027083333333333334 0.059375 0.05416666666666667
2 0.5421875 0.07083333333333333 0.0640625 0.08958333333333333
2 0.5390625 0.19583333333333333 0.0796875 0.1125
6 0.2390625 0.11458333333333333 0.125 0.19583333333333333
2 0.2890625 0.7145833333333333 0.2265625 0.4041666666666667
2 0.3609375 0.06875 0.0796875 0.09375
