5 0.5796875 0.03958333333333333 0.075 0.08125
2 0.4484375 0.029166666666666667 0.0640625 0.06041666666666667
2 0.5625 0.07708333333333334 0.0609375 0.08958333333333333
2 0.3953125 0.05416666666666667 0.0671875 0.08125
2 0.484375 0.16041666666666668 0.1015625 0.15416666666666667
2 0.4734375 0.03333333333333333 0.059375 0.06666666666666667
2 0.309375 0.13958333333333334 0.0953125 0.11041666666666666
6 0.2484375 0.1 0.1453125 0.19583333333333333
6 0.2015625 0.15416666666666667 0.0515625 0.23125
2 0.346875 0.07708333333333334 0.0828125 0.09791666666666667
