2 0.434375 0.05 0.0671875 0.08125
2 0.4546875 0.0375 0.059375 0.075
5 0.3296875 0.06875 0.078125 0.12708333333333333
2 0.321875 0.12916666666666668 0.0953125 0.10625
2 0.5578125 0.05 0.059375 0.08125
2 0.4265625 0.035416666666666666 0.0640625 0.07291666666666667
2 0.5765625 0.029166666666666667 0.053125 0.06041666666666667
2 0.51875 0.10833333333333334 0.071875 0.09791666666666667
2 0.2859375 0.7354166666666667 0.2171875 0.3458333333333333
6 0.3515625 0.06458333333333334 0.1109375 0.12916666666666668
2 0.4578125 0.20208333333333334 0.090625 0.12708333333333333
