2 0.4328125 0.0875 0.075 0.08958333333333333
2 0.4265625 0.06041666666666667 0.0703125 0.08541666666666667
5 0.321875 0.06875 0.071875 0.13125
2 0.440625 0.03333333333333333 0.0640625 0.06875
2 0.5578125 0.058333333333333334 0.059375 0.07708333333333334
6 0.34375 0.06458333333333334 0.1109375 0.13125
2 0.5796875 0.029166666666666667 0.05625 0.058333333333333334
2 0.3828125 0.5395833333333333 0.1859375 0.29375
4 0.46875 0.15625 0.2484375 0.22916666666666666
2 0.2671875 0.15625 0.1109375 0.12708333333333333
2 0.2046875 0.17291666666666666 0.05625 0.1375
