2 0.428125 0.058333333333333334 0.071875 0.08541666666666667
2 0.5734375 0.03125 0.053125 0.06458333333333334
2 0.253125 0.035416666666666666 0.071875 0.07083333333333333
2 0.546875 0.06458333333333334 0.059375 0.08541666666666667
2 0.5296875 0.029166666666666667 0.059375 0.058333333333333334
2 0.425 0.0375 0.0703125 0.07708333333333334
2 0.2640625 0.4875 0.1765625 0.25
6 0.23125 0.12291666666666666 0.109375 0.20416666666666666
2 0.271875 0.15625 0.109375 0.12708333333333333
2 0.546875 0.18125 0.075 0.11041666666666666
2 0.3328125 0.5958333333333333 0.2015625 0.3229166666666667
2 0.3515625 0.075 0.0796875 0.09791666666666667
