0 0.84375 0.3375 0.053125 0.12708333333333333
0 0.815625 0.3333333333333333 0.053125 0.12083333333333333
6 0.346875 0.06458333333333334 0.11875 0.12916666666666668
2 0.34375 0.1 0.1 0.1375
2 0.425 0.06041666666666667 0.0640625 0.08541666666666667
2 0.559375 0.0625 0.059375 0.08125
6 0.1984375 0.17916666666666667 0.0453125 0.32083333333333336
2 0.378125 0.325 0.134375 0.17916666666666667
2 0.4453125 0.44166666666666665 0.14375 0.22916666666666666
2 0.4703125 0.035416666666666666 0.059375 0.07291666666666667
2 0.503125 0.15208333333333332 0.0796875 0.10625
