2 0.440625 0.05 0.0640625 0.07708333333333334
2 0.4828125 0.03125 0.059375 0.0625
6 0.409375 0.04583333333333333 0.09375 0.09166666666666666
5 0.39375 0.04583333333333333 0.0640625 0.09166666666666666
2 0.45625 0.027083333333333334 0.059375 0.05625
2 0.21875 0.15625 0.0859375 0.11458333333333333
2 0.321875 0.12916666666666668 0.0875 0.10208333333333333
2 0.5390625 0.07708333333333334 0.0640625 0.08541666666666667
2 0.4078125 0.27291666666666664 0.1109375 0.15208333333333332
2 0.5015625 0.1375 0.078125 0.10208333333333333
2 0.2109375 0.22083333333333333 0.0703125 0.1375
2 0.2125 0.6833333333333333 0.0734375 0.35208333333333336
