0 0.815625 0.2625 0.0515625 0.1125
5 0.46875 0.035416666666666666 0.071875 0.07291666666666667
2 0.5953125 0.07708333333333334 0.0609375 0.08541666666666667
2 0.615625 0.041666666666666664 0.053125 0.07708333333333334
2 0.2765625 0.46875 0.1984375 0.2625
2 0.56875 0.0375 0.0578125 0.07708333333333334
2 0.5578125 0.17291666666666666 0.0796875 0.1125
2 0.275 0.07083333333333333 0.09375 0.08541666666666667
2 0.3828125 0.08541666666666667 0.071875 0.09375
2 0.253125 0.17291666666666666 0.1078125 0.12083333333333333
