5 0.20625 0.12708333333333333 0.059375 0.17291666666666666
0 0.828125 0.3 0.0515625 0.12291666666666666
2 0.39375 0.0375 0.0640625 0.075
2 0.5625 0.058333333333333334 0.059375 0.08125
2 0.578125 0.13958333333333334 0.071875 0.10208333333333333
2 0.4640625 0.035416666666666666 0.0609375 0.07291666666666667
2 0.409375 0.07083333333333333 0.0703125 0.08958333333333333
2 0.5078125 0.13125 0.075 0.10208333333333333
2 0.3375 0.11875 0.0828125 0.09791666666666667
6 0.24375 0.11041666666666666 0.134375 0.19791666666666666
2 0.521875 0.24375 0.0953125 0.13125
