5 0.4609375 0.05 0.0453125 0.08333333333333333
2 0.5109375 0.008333333333333333 0.0265625 0.01875
7 0.46875 0.041666666666666664 0.0578125 0.08541666666666667
2 0.2515625 0.03125 0.0390625 0.0375
2 0.1734375 0.89375 0.265625 0.2125
2 0.0640625 0.825 0.1296875 0.3145833333333333
2 0.4265625 0.09375 0.0453125 0.058333333333333334
2 0.253125 0.12916666666666668 0.0578125 0.0625
2 0.4703125 0.3416666666666667 0.0796875 0.125
2 0.525 0.10208333333333333 0.0390625 0.05416666666666667
2 0.45625 0.19583333333333333 0.0578125 0.07708333333333334
2 0.0875 0.20833333333333334 0.125 0.125
2 0.5640625 0.14791666666666667 0.046875 0.08541666666666667
2 0.2859375 0.14583333333333334 0.0703125 0.07083333333333333
2 0.3703125 0.06875 0.0421875 0.041666666666666664
