2 0.1296875 0.9583333333333334 0.2046875 0.07916666666666666
5 0.4796875 0.035416666666666666 0.0390625 0.06875
2 0.4375 0.03125 0.03125 0.03333333333333333
2 0.2515625 0.03125 0.0390625 0.0375
2 0.1 0.7666666666666667 0.2 0.37916666666666665
2 0.4125 0.06666666666666667 0.0421875 0.05
2 0.1265625 0.25416666666666665 0.1 0.1
2 0.3984375 0.28125 0.084375 0.11666666666666667
2 0.275 0.15 0.0828125 0.1
2 0.1578125 0.18125 0.090625 0.08333333333333333
2 0.371875 0.06666666666666667 0.0390625 0.041666666666666664
2 0.428125 0.09375 0.0421875 0.058333333333333334
2 0.478125 0.32708333333333334 0.0953125 0.16458333333333333
