2 0.428125 0.04375 0.0453125 0.06875
2 0.3828125 0.09166666666666666 0.0421875 0.04583333333333333
2 0.509375 0.03125 0.0265625 0.03333333333333333
7 0.3390625 0.058333333333333334 0.0953125 0.11666666666666667
2 0.49375 0.04375 0.034375 0.041666666666666664
5 0.43125 0.08958333333333333 0.0671875 0.07916666666666666
2 0.2515625 0.027083333333333334 0.0390625 0.03125
2 0.4890625 0.016666666666666666 0.03125 0.03125
2 0.5390625 0.010416666666666666 0.025 0.022916666666666665
2 0.5828125 0.020833333333333332 0.0234375 0.029166666666666667
2 0.5625 0.041666666666666664 0.025 0.0375
2 0.1421875 0.09375 0.075 0.041666666666666664
