7 0.4578125 0.04583333333333333 0.0625 0.09375
0 0.2203125 0.10833333333333334 0.015625 0.05
2 0.41875 0.041666666666666664 0.0265625 0.03333333333333333
2 0.4953125 0.04583333333333333 0.03125 0.0375
2 0.2515625 0.03125 0.0390625 0.03333333333333333
2 0.4296875 0.4479166666666667 0.0953125 0.15833333333333333
2 0.1296875 0.29583333333333334 0.075 0.11041666666666666
2 0.8828125 0.9020833333333333 0.23125 0.19166666666666668
2 0.384375 0.08541666666666667 0.0390625 0.05
2 0.36875 0.06666666666666667 0.0390625 0.041666666666666664
2 0.3140625 0.09583333333333334 0.053125 0.05416666666666667
2 0.0859375 0.18333333333333332 0.078125 0.10833333333333334
