2 0.4265625 0.09375 0.0453125 0.05416666666666667
2 0.109375 0.7458333333333333 0.21875 0.39166666666666666
2 0.5890625 0.010416666666666666 0.01875 0.022916666666666665
2 0.2515625 0.03125 0.0390625 0.03333333333333333
2 0.6265625 0.014583333333333334 0.0203125 0.029166666666666667
2 0.4609375 0.36041666666666666 0.084375 0.12708333333333333
2 0.596875 0.08541666666666667 0.028125 0.041666666666666664
2 0.465625 0.17708333333333334 0.0578125 0.075
2 0.5625 0.04375 0.0265625 0.03333333333333333
2 0.5421875 0.10833333333333334 0.034375 0.05
2 0.2359375 0.13958333333333334 0.0703125 0.06875
2 0.3921875 0.07708333333333334 0.0453125 0.05
2 0.2953125 0.14166666666666666 0.0609375 0.06666666666666667
