2 0.63125 0.010416666666666666 0.01875 0.020833333333333332
5 0.446875 0.05625 0.0375 0.07083333333333333
2 0.2515625 0.03125 0.0390625 0.03333333333333333
2 0.4953125 0.04583333333333333 0.03125 0.0375
2 0.4953125 0.13958333333333334 0.0578125 0.0875
2 0.5625 0.04375 0.0265625 0.03333333333333333
7 0.4578125 0.04583333333333333 0.0625 0.09375
2 0.309375 0.39166666666666666 0.153125 0.21666666666666667
2 0.2703125 0.075 0.0546875 0.04583333333333333
2 0.3828125 0.05625 0.034375 0.041666666666666664
