2 0.76875 0.9479166666666666 0.2578125 0.1
7 0.4671875 0.04375 0.0546875 0.0875
2 0.5046875 0.010416666666666666 0.0265625 0.022916666666666665
2 0.2515625 0.03125 0.0390625 0.0375
2 0.4265625 0.09375 0.0421875 0.05416666666666667
2 0.2046875 0.15625 0.06875 0.06875
2 0.034375 0.25 0.0703125 0.16458333333333333
2 0.5453125 0.075 0.034375 0.05
2 0.575 0.12291666666666666 0.0421875 0.075
2 0.2234375 0.18333333333333332 0.0875 0.08541666666666667
2 0.4953125 0.14166666666666666 0.046875 0.058333333333333334
2 0.346875 0.08333333333333333 0.046875 0.041666666666666664
2 0.5078125 0.2520833333333333 0.0625 0.08541666666666667
2 0.3140625 0.7 0.184375 0.3104166666666667
2 0.2078125 0.5458333333333333 0.1796875 0.23333333333333334
