0 0.2203125 0.10833333333333334 0.015625 0.05
2 0.4203125 0.03958333333333333 0.0265625 0.03333333333333333
2 0.8390625 0.9166666666666666 0.321875 0.16666666666666666
2 0.421875 0.09791666666666667 0.0421875 0.06666666666666667
2 0.0953125 0.1875 0.0765625 0.11041666666666666
2 0.4953125 0.04583333333333333 0.03125 0.0375
2 0.2515625 0.03125 0.0390625 0.03333333333333333
2 0.3859375 0.5479166666666667 0.121875 0.20208333333333334
2 0.1234375 0.3229166666666667 0.0859375 0.11666666666666667
2 0.3859375 0.08333333333333333 0.0390625 0.04583333333333333
2 0.3140625 0.09583333333333334 0.053125 0.05416666666666667
2 0.3703125 0.06666666666666667 0.0390625 0.041666666666666664
