2 0.428125 0.09375 0.0421875 0.05416666666666667
7 0.4640625 0.04583333333333333 0.0578125 0.09166666666666666
2 0.303125 0.39375 0.1265625 0.17083333333333334
2 0.2515625 0.03125 0.0390625 0.03333333333333333
2 0.94375 0.85 0.109375 0.26666666666666666
2 0.5765625 0.022916666666666665 0.0203125 0.029166666666666667
2 0.5609375 0.16875 0.0421875 0.0625
2 0.484375 0.24791666666666667 0.0609375 0.08541666666666667
2 0.5765625 0.052083333333333336 0.025 0.03333333333333333
2 0.3875 0.08333333333333333 0.0375 0.04583333333333333
2 0.0609375 0.23958333333333334 0.115625 0.1
2 0.6125 0.035416666666666666 0.0265625 0.04583333333333333
2 0.36875 0.06875 0.0390625 0.04583333333333333
2 0.5140625 0.11666666666666667 0.0390625 0.05416666666666667
5 0.30625 0.125 0.0796875 0.09791666666666667
