2 0.4265625 0.09375 0.0453125 0.05416666666666667
2 0.053125 0.23333333333333334 0.1015625 0.09791666666666667
2 0.9234375 0.8875 0.1453125 0.22083333333333333
2 0.2515625 0.03125 0.0390625 0.03333333333333333
2 0.4015625 0.2791666666666667 0.084375 0.11041666666666666
2 0.55 0.14583333333333334 0.0375 0.05416666666666667
2 0.5703125 0.035416666666666666 0.025 0.0375
2 0.5421875 0.07916666666666666 0.03125 0.041666666666666664
2 0.2109375 0.8145833333333333 0.2421875 0.3645833333333333
2 0.4625 0.3729166666666667 0.0921875 0.14375
2 0.59375 0.07916666666666666 0.034375 0.058333333333333334
2 0.2765625 0.12083333333333333 0.0625 0.05416666666666667
