2 0.428125 0.04375 0.0453125 0.06875
2 0.49375 0.04583333333333333 0.034375 0.041666666666666664
2 0.5109375 0.03125 0.0265625 0.03333333333333333
5 0.43125 0.09166666666666666 0.0671875 0.08333333333333333
2 0.3828125 0.09166666666666666 0.0390625 0.04583333333333333
2 0.490625 0.01875 0.0265625 0.029166666666666667
2 0.2515625 0.027083333333333334 0.0390625 0.03125
7 0.3390625 0.05625 0.0953125 0.11458333333333333
2 0.540625 0.010416666666666666 0.0203125 0.020833333333333332
2 0.153125 0.09166666666666666 0.06875 0.04583333333333333
2 0.5796875 0.027083333333333334 0.0234375 0.029166666666666667
2 0.55625 0.04791666666666667 0.0265625 0.0375
