2 0.628125 0.010416666666666666 0.01875 0.022916666666666665
7 0.4546875 0.04791666666666667 0.0640625 0.09791666666666667
2 0.4234375 0.09791666666666667 0.046875 0.06666666666666667
0 0.2203125 0.10833333333333334 0.015625 0.05
2 0.0265625 0.55 0.0546875 0.1875
2 0.396875 0.052083333333333336 0.03125 0.03333333333333333
2 0.4953125 0.04583333333333333 0.03125 0.0375
2 0.109375 0.3333333333333333 0.0859375 0.125
2 0.2515625 0.03125 0.0390625 0.03333333333333333
2 0.5859375 0.08541666666666667 0.028125 0.041666666666666664
2 0.3609375 0.06875 0.0390625 0.041666666666666664
2 0.378125 0.0875 0.0453125 0.05416666666666667
2 0.3140625 0.09583333333333334 0.053125 0.05416666666666667
