2 0.38125 0.09166666666666666 0.0390625 0.04583333333333333
5 0.315625 0.075 0.046875 0.08333333333333333
2 0.834375 0.9125 0.3234375 0.16875
2 0.4640625 0.0375 0.03125 0.0375
2 0.428125 0.04583333333333333 0.0453125 0.06666666666666667
5 0.43125 0.08958333333333333 0.0625 0.07916666666666666
2 0.2515625 0.027083333333333334 0.0390625 0.03125
7 0.340625 0.05416666666666667 0.0984375 0.11041666666666666
2 0.5 0.0125 0.025 0.027083333333333334
2 0.525 0.09583333333333334 0.034375 0.05
2 0.559375 0.0625 0.028125 0.0375
