2 0.1328125 0.23541666666666666 0.0578125 0.07708333333333334
2 0.09375 0.4083333333333333 0.1171875 0.15625
2 0.428125 0.04583333333333333 0.0421875 0.0625
2 0.3828125 0.09166666666666666 0.0390625 0.04583333333333333
2 0.2515625 0.03125 0.0390625 0.03333333333333333
2 0.459375 0.010416666666666666 0.0265625 0.022916666666666665
2 0.49375 0.04583333333333333 0.03125 0.041666666666666664
5 0.43125 0.08958333333333333 0.0625 0.07708333333333334
2 0.521875 0.022916666666666665 0.025 0.03333333333333333
7 0.34375 0.05416666666666667 0.1 0.11041666666666666
2 0.0265625 0.15625 0.053125 0.058333333333333334
