2 0.0296875 0.6020833333333333 0.0609375 0.22083333333333333
7 0.4578125 0.04583333333333333 0.0625 0.09375
2 0.4171875 0.041666666666666664 0.0265625 0.0375
0 0.2203125 0.10833333333333334 0.015625 0.05
2 0.134375 0.27291666666666664 0.0625 0.09375
2 0.4734375 0.35625 0.075 0.11666666666666667
2 0.4953125 0.04583333333333333 0.03125 0.0375
2 0.2515625 0.03125 0.0390625 0.03333333333333333
2 0.9328125 0.8958333333333334 0.1296875 0.20416666666666666
2 0.071875 0.16875 0.078125 0.10208333333333333
2 0.3671875 0.06666666666666667 0.0390625 0.041666666666666664
2 0.3140625 0.09583333333333334 0.053125 0.05416666666666667
2 0.3828125 0.08541666666666667 0.0421875 0.05
