2 0.5015625 0.010416666666666666 0.0234375 0.022916666666666665
5 0.4296875 0.08958333333333333 0.0671875 0.07916666666666666
2 0.3828125 0.09166666666666666 0.0390625 0.04583333333333333
2 0.428125 0.04583333333333333 0.0453125 0.0625
2 0.2515625 0.027083333333333334 0.0390625 0.03125
2 0.46875 0.03333333333333333 0.03125 0.03333333333333333
7 0.34375 0.05625 0.1 0.11458333333333333
2 0.25625 0.07708333333333334 0.0546875 0.04583333333333333
2 0.5015625 0.12916666666666668 0.0421875 0.058333333333333334
2 0.5453125 0.08541666666666667 0.034375 0.04583333333333333
