0 0.0875 0.09375 0.01875 0.05416666666666667
5 0.44375 0.05625 0.0390625 0.06875
2 0.625 0.016666666666666666 0.01875 0.029166666666666667
2 0.2515625 0.03125 0.0390625 0.03333333333333333
2 0.584375 0.0125 0.01875 0.025
7 0.459375 0.04583333333333333 0.0625 0.09166666666666666
2 0.0421875 0.8625 0.0859375 0.2708333333333333
2 0.5 0.041666666666666664 0.028125 0.03333333333333333
2 0.375 0.04583333333333333 0.0375 0.03333333333333333
2 0.44375 0.22708333333333333 0.0640625 0.08333333333333333
2 0.5953125 0.07916666666666666 0.0265625 0.04583333333333333
2 0.5609375 0.052083333333333336 0.0265625 0.03333333333333333
