2 0.590625 0.008333333333333333 0.0171875 0.016666666666666666
2 0.2515625 0.03125 0.0390625 0.0375
2 0.4265625 0.09375 0.0453125 0.05416666666666667
7 0.4640625 0.04583333333333333 0.0578125 0.09166666666666666
2 0.484375 0.30416666666666664 0.071875 0.10625
2 0.5484375 0.09166666666666666 0.028125 0.04583333333333333
2 0.6 0.075 0.0265625 0.041666666666666664
2 0.4828125 0.15416666666666667 0.05 0.06875
2 0.5703125 0.035416666666666666 0.025 0.03333333333333333
2 0.18125 0.58125 0.2125 0.26666666666666666
2 0.378125 0.08541666666666667 0.046875 0.05416666666666667
2 0.2703125 0.16041666666666668 0.06875 0.07083333333333333
2 0.1984375 0.15833333333333333 0.0796875 0.07708333333333334
