2 0.9390625 0.9333333333333333 0.1171875 0.13333333333333333
2 0.4171875 0.04375 0.03125 0.03333333333333333
5 0.4703125 0.04375 0.0453125 0.07083333333333333
2 0.2515625 0.03125 0.0390625 0.03333333333333333
2 0.221875 0.13333333333333333 0.0796875 0.0875
2 0.521875 0.23125 0.0703125 0.11875
2 0.4625 0.1875 0.0578125 0.08333333333333333
2 0.4265625 0.09375 0.0453125 0.058333333333333334
2 0.30625 0.4166666666666667 0.125 0.17083333333333334
2 0.0578125 0.2375 0.115625 0.10833333333333334
2 0.2984375 0.6979166666666666 0.1890625 0.3125
2 0.3359375 0.08541666666666667 0.0421875 0.05
2 0.1875 0.2 0.1109375 0.12708333333333333
2 0.378125 0.0875 0.046875 0.05416666666666667
