2 0.5921875 0.00625 0.0171875 0.0125
7 0.4640625 0.04583333333333333 0.0578125 0.09166666666666666
2 0.63125 0.010416666666666666 0.0203125 0.022916666666666665
2 0.4265625 0.09375 0.0453125 0.05416666666666667
2 0.2515625 0.03125 0.0390625 0.0375
2 0.5703125 0.03125 0.0234375 0.03333333333333333
2 0.4890625 0.14583333333333334 0.05 0.0625
2 0.603125 0.06875 0.0265625 0.0375
2 0.55 0.08333333333333333 0.028125 0.041666666666666664
2 0.49375 0.28125 0.0640625 0.09791666666666667
2 0.1765625 0.17083333333333334 0.0859375 0.08333333333333333
2 0.25625 0.16875 0.0703125 0.07083333333333333
2 0.2234375 0.5229166666666667 0.184375 0.23333333333333334
2 0.371875 0.09166666666666666 0.046875 0.05416666666666667
