0 0.1140625 0.1 0.0125 0.041666666666666664
5 0.44375 0.05625 0.0390625 0.06875
2 0.5046875 0.12708333333333333 0.0546875 0.08333333333333333
2 0.4953125 0.04583333333333333 0.03125 0.0375
2 0.2515625 0.03125 0.0390625 0.03333333333333333
2 0.56875 0.03958333333333333 0.025 0.03333333333333333
2 0.3765625 0.06041666666666667 0.0390625 0.041666666666666664
7 0.4578125 0.04583333333333333 0.0625 0.09375
2 0.3390625 0.35208333333333336 0.134375 0.19166666666666668
2 0.265625 0.075 0.0546875 0.04583333333333333
