2 0.428125 0.04375 0.0453125 0.06875
5 0.315625 0.075 0.046875 0.07708333333333334
2 0.534375 0.0125 0.025 0.027083333333333334
2 0.49375 0.04583333333333333 0.03125 0.041666666666666664
2 0.3828125 0.09166666666666666 0.0390625 0.04583333333333333
2 0.2515625 0.027083333333333334 0.0390625 0.03125
2 0.5109375 0.03125 0.0265625 0.03333333333333333
5 0.43125 0.08958333333333333 0.0625 0.07708333333333334
7 0.340625 0.05625 0.09375 0.11041666666666666
2 0.5765625 0.014583333333333334 0.0203125 0.03125
2 0.0921875 0.09583333333333334 0.0703125 0.0375
