3 0.0875 0.2520833333333333 0.028125 0.08333333333333333
2 0.396875 0.05 0.03125 0.03333333333333333
5 0.421875 0.09791666666666667 0.046875 0.06666666666666667
0 0.2203125 0.10833333333333334 0.015625 0.05
2 0.4953125 0.04583333333333333 0.034375 0.0375
2 0.615625 0.029166666666666667 0.01875 0.03125
2 0.2515625 0.03125 0.0390625 0.03333333333333333
2 0.0546875 0.5125 0.109375 0.24375
2 0.546875 0.16875 0.046875 0.06666666666666667
2 0.3609375 0.06875 0.0390625 0.041666666666666664
2 0.3796875 0.08958333333333333 0.046875 0.05
2 0.3140625 0.09583333333333334 0.053125 0.05416666666666667
2 0.046875 0.17291666666666666 0.0765625 0.06875
