2 0.634375 0.008333333333333333 0.0203125 0.01875
2 0.428125 0.09375 0.0421875 0.05416666666666667
2 0.2515625 0.03125 0.0390625 0.03333333333333333
2 0.575 0.020833333333333332 0.0203125 0.03125
2 0.6046875 0.06041666666666667 0.0265625 0.0375
2 0.2890625 0.43333333333333335 0.1453125 0.1875
2 0.509375 0.24166666666666667 0.0578125 0.08541666666666667
2 0.5015625 0.12708333333333333 0.0421875 0.058333333333333334
2 0.128125 0.19583333333333333 0.0953125 0.09375
2 0.55625 0.06875 0.0265625 0.0375
2 0.2234375 0.1875 0.078125 0.08333333333333333
2 0.3546875 0.10208333333333333 0.053125 0.058333333333333334
