2 0.0375 0.575 0.075 0.21875
5 0.43125 0.0875 0.0640625 0.0875
7 0.340625 0.05625 0.09375 0.11041666666666666
5 0.5828125 0.020833333333333332 0.0390625 0.041666666666666664
2 0.2515625 0.027083333333333334 0.0390625 0.03125
2 0.0125 0.09583333333333334 0.0265625 0.041666666666666664
2 0.3828125 0.09166666666666666 0.0390625 0.04583333333333333
2 0.159375 0.3020833333333333 0.0765625 0.11458333333333333
2 0.553125 0.06666666666666667 0.03125 0.041666666666666664
2 0.5078125 0.03333333333333333 0.028125 0.0375
