2 0.409375 0.04583333333333333 0.034375 0.03333333333333333
0 0.2203125 0.10833333333333334 0.015625 0.05
2 0.4953125 0.04583333333333333 0.03125 0.0375
2 0.2515625 0.03125 0.0390625 0.0375
2 0.5421875 0.20833333333333334 0.046875 0.07083333333333333
2 0.0671875 0.44583333333333336 0.134375 0.2125
2 0.034375 0.14166666666666666 0.06875 0.09375
2 0.3796875 0.0875 0.0453125 0.05
2 0.3625 0.06875 0.0390625 0.041666666666666664
2 0.3140625 0.09583333333333334 0.053125 0.05416666666666667
2 0.115625 0.21666666666666667 0.0625 0.07708333333333334
