7 0.4640625 0.04583333333333333 0.0578125 0.09166666666666666
2 0.2515625 0.029166666666666667 0.0390625 0.03333333333333333
2 0.58125 0.0125 0.01875 0.027083333333333334
2 0.621875 0.025 0.01875 0.029166666666666667
2 0.459375 0.18958333333333333 0.0609375 0.07708333333333334
2 0.553125 0.058333333333333334 0.0265625 0.0375
2 0.328125 0.38125 0.1234375 0.16666666666666666
2 0.4265625 0.09375 0.0421875 0.05416666666666667
2 0.5546875 0.11666666666666667 0.034375 0.05
2 0.2046875 0.19583333333333333 0.090625 0.09166666666666666
