2 0.0140625 0.275 0.028125 0.09375
2 0.428125 0.09375 0.0421875 0.05416666666666667
7 0.4625 0.04583333333333333 0.0578125 0.09166666666666666
2 0.5859375 0.0125 0.01875 0.025
2 0.2515625 0.03125 0.0390625 0.0375
2 0.571875 0.13958333333333334 0.0390625 0.05416666666666667
2 0.578125 0.0375 0.0234375 0.03333333333333333
5 0.2671875 0.15208333333333332 0.0953125 0.10208333333333333
2 0.6171875 0.027083333333333334 0.025 0.04583333333333333
2 0.365625 0.3104166666666667 0.0953125 0.125
2 0.340625 0.08333333333333333 0.046875 0.05
2 0.5078125 0.19583333333333333 0.05 0.06875
2 0.1734375 0.8604166666666667 0.275 0.26875
2 0.5328125 0.09375 0.034375 0.05
2 0.36875 0.09583333333333334 0.0453125 0.05
