0 0.2203125 0.10833333333333334 0.0125 0.05
2 0.5875 0.0125 0.0203125 0.025
2 0.4953125 0.04583333333333333 0.03125 0.0375
5 0.446875 0.058333333333333334 0.0375 0.07083333333333333
2 0.496875 0.0125 0.0265625 0.027083333333333334
2 0.2515625 0.03125 0.0390625 0.03333333333333333
2 0.5546875 0.05625 0.03125 0.05416666666666667
2 0.346875 0.35208333333333336 0.1109375 0.13958333333333334
2 0.1171875 0.09375 0.0703125 0.041666666666666664
7 0.4609375 0.04583333333333333 0.0625 0.09375
2 0.315625 0.09375 0.0546875 0.05416666666666667
