7 0.45625 0.04791666666666667 0.0671875 0.09791666666666667
5 0.421875 0.09791666666666667 0.046875 0.06666666666666667
2 0.396875 0.05 0.03125 0.03333333333333333
0 0.2203125 0.10833333333333334 0.015625 0.05
3 0.0859375 0.2708333333333333 0.03125 0.08541666666666667
2 0.0421875 0.5604166666666667 0.0859375 0.23125
2 0.4953125 0.04583333333333333 0.03125 0.0375
2 0.2515625 0.03125 0.0390625 0.0375
2 0.6109375 0.0375 0.0203125 0.03333333333333333
2 0.534375 0.19583333333333333 0.05 0.075
2 0.3609375 0.06875 0.0390625 0.041666666666666664
2 0.3796875 0.0875 0.046875 0.05416666666666667
2 0.3140625 0.09583333333333334 0.053125 0.05416666666666667
2 0.0625 0.1875 0.071875 0.075
