2 0.0046875 0.13958333333333334 0.009375 0.05
2 0.421875 0.09791666666666667 0.046875 0.06666666666666667
0 0.2203125 0.10833333333333334 0.015625 0.05
7 0.45625 0.04583333333333333 0.0640625 0.09375
3 0.0609375 0.36041666666666666 0.046875 0.10833333333333334
2 0.4953125 0.04583333333333333 0.03125 0.0375
2 0.6015625 0.0625 0.025 0.0375
2 0.2515625 0.03125 0.0390625 0.03333333333333333
2 0.4484375 0.3729166666666667 0.090625 0.14583333333333334
2 0.103125 0.22708333333333333 0.0625 0.08333333333333333
2 0.3625 0.06875 0.0390625 0.041666666666666664
2 0.3796875 0.0875 0.046875 0.05416666666666667
2 0.3140625 0.09583333333333334 0.053125 0.05416666666666667
