5 0.4328125 0.08541666666666667 0.06875 0.08541666666666667
2 0.509375 0.03125 0.0265625 0.03333333333333333
2 0.3828125 0.09166666666666666 0.0390625 0.04583333333333333
2 0.4921875 0.04583333333333333 0.034375 0.04583333333333333
2 0.4921875 0.014583333333333334 0.0265625 0.03125
2 0.2515625 0.03125 0.0390625 0.03333333333333333
2 0.5421875 0.010416666666666666 0.025 0.020833333333333332
7 0.340625 0.05625 0.0984375 0.11458333333333333
2 0.578125 0.03333333333333333 0.025 0.03333333333333333
2 0.5515625 0.058333333333333334 0.028125 0.041666666666666664
