2 0.5046875 0.010416666666666666 0.0203125 0.022916666666666665
5 0.4296875 0.08958333333333333 0.0640625 0.07916666666666666
2 0.2515625 0.029166666666666667 0.0390625 0.029166666666666667
2 0.4296875 0.04583333333333333 0.046875 0.06666666666666667
2 0.3828125 0.09166666666666666 0.0390625 0.04583333333333333
2 0.265625 0.075 0.0546875 0.041666666666666664
2 0.4703125 0.03333333333333333 0.03125 0.0375
7 0.3421875 0.05625 0.1015625 0.11458333333333333
2 0.4953125 0.13958333333333334 0.046875 0.0625
2 0.540625 0.09166666666666666 0.034375 0.04583333333333333
