2 0.09375 0.19375 0.134375 0.14166666666666666
2 0.3484375 0.10208333333333333 0.0625 0.07916666666666666
2 0.45625 0.020833333333333332 0.0265625 0.029166666666666667
5 0.5046875 0.029166666666666667 0.046875 0.058333333333333334
2 0.2515625 0.03125 0.0390625 0.03333333333333333
2 0.9578125 0.8729166666666667 0.0796875 0.25
2 0.4453125 0.04583333333333333 0.034375 0.0375
2 0.409375 0.04583333333333333 0.034375 0.0375
2 0.240625 0.13958333333333334 0.0703125 0.06666666666666667
2 0.25625 0.16875 0.0640625 0.07083333333333333
2 0.428125 0.09375 0.0421875 0.058333333333333334
2 0.3640625 0.5645833333333333 0.1734375 0.30833333333333335
2 0.2203125 0.5166666666666667 0.165625 0.23333333333333334
