2 0.5796875 0.016666666666666666 0.0203125 0.029166666666666667
7 0.4640625 0.04583333333333333 0.0578125 0.09166666666666666
2 0.428125 0.09375 0.0421875 0.05416666666666667
2 0.0375 0.2604166666666667 0.0765625 0.10208333333333333
2 0.2515625 0.03125 0.0390625 0.0375
2 0.3390625 0.34791666666666665 0.109375 0.13958333333333334
5 0.290625 0.1375 0.0875 0.10208333333333333
2 0.496875 0.22083333333333333 0.053125 0.07708333333333334
2 0.3546875 0.075 0.0453125 0.04583333333333333
2 0.3796875 0.0875 0.0421875 0.05
2 0.6140625 0.03125 0.0265625 0.04583333333333333
2 0.5765625 0.041666666666666664 0.0234375 0.03333333333333333
2 0.565625 0.15208333333333332 0.0421875 0.058333333333333334
2 0.5234375 0.10625 0.0390625 0.05416666666666667
