0 0.678125 0.13958333333333334 0.0125 0.05416666666666667
2 0.2515625 0.027083333333333334 0.0390625 0.03125
2 0.49375 0.04583333333333333 0.03125 0.0375
2 0.3828125 0.09166666666666666 0.0390625 0.04583333333333333
2 0.428125 0.04375 0.0453125 0.0625
5 0.43125 0.08958333333333333 0.0625 0.07708333333333334
2 0.503125 0.0125 0.025 0.020833333333333332
7 0.340625 0.05416666666666667 0.0984375 0.11041666666666666
2 0.4671875 0.035416666666666666 0.03125 0.03333333333333333
2 0.55 0.07708333333333334 0.03125 0.041666666666666664
2 0.2453125 0.07916666666666666 0.0578125 0.041666666666666664
2 0.50625 0.11875 0.0390625 0.05416666666666667
