2 0.509375 0.010416666666666666 0.0203125 0.020833333333333332
2 0.2875 0.075 0.0578125 0.041666666666666664
5 0.315625 0.07083333333333333 0.046875 0.08541666666666667
5 0.4328125 0.08958333333333333 0.06875 0.07916666666666666
2 0.3828125 0.09166666666666666 0.0390625 0.04583333333333333
2 0.471875 0.03125 0.03125 0.0375
2 0.4296875 0.04583333333333333 0.046875 0.06666666666666667
2 0.49375 0.04583333333333333 0.034375 0.0375
2 0.2515625 0.03125 0.0390625 0.03333333333333333
2 0.4765625 0.16666666666666666 0.053125 0.06875
2 0.528125 0.10833333333333334 0.0390625 0.05416666666666667
7 0.34375 0.05416666666666667 0.1 0.11041666666666666
