5 0.4234375 0.09791666666666667 0.046875 0.0625
0 0.0984375 0.08958333333333333 0.0125 0.041666666666666664
5 0.44375 0.05625 0.0390625 0.06875
2 0.496875 0.04375 0.03125 0.03333333333333333
2 0.6078125 0.04791666666666667 0.0203125 0.03333333333333333
2 0.2515625 0.03125 0.0390625 0.03333333333333333
2 0.5765625 0.027083333333333334 0.0203125 0.029166666666666667
2 0.5 0.13958333333333334 0.0453125 0.0625
7 0.4609375 0.04583333333333333 0.0625 0.09375
2 0.3375 0.058333333333333334 0.0421875 0.0375
