7 0.4578125 0.04583333333333333 0.0625 0.09375
0 0.2203125 0.10833333333333334 0.015625 0.05
2 0.4953125 0.04583333333333333 0.03125 0.0375
2 0.2515625 0.03125 0.0390625 0.03333333333333333
2 0.5328125 0.22916666666666666 0.05 0.07916666666666666
2 0.0625 0.4666666666666667 0.125 0.23958333333333334
2 0.1203125 0.22916666666666666 0.0625 0.07916666666666666
2 0.3796875 0.0875 0.0453125 0.05
2 0.0390625 0.14791666666666667 0.078125 0.09375
2 0.3140625 0.09583333333333334 0.053125 0.05416666666666667
2 0.3640625 0.06875 0.0390625 0.041666666666666664
