2 0.428125 0.09375 0.0421875 0.058333333333333334
7 0.4625 0.04375 0.0578125 0.0875
2 0.6234375 0.016666666666666666 0.0203125 0.03333333333333333
2 0.2515625 0.03125 0.0390625 0.0375
2 0.40625 0.06875 0.0421875 0.04583333333333333
5 0.15625 0.22708333333333333 0.1421875 0.1375
2 0.0578125 0.8416666666666667 0.1171875 0.2916666666666667
2 0.5859375 0.014583333333333334 0.01875 0.025
2 0.425 0.43125 0.10625 0.16458333333333333
2 0.5921875 0.09375 0.03125 0.04583333333333333
2 0.534375 0.125 0.0375 0.05416666666666667
2 0.5578125 0.05416666666666667 0.028125 0.0375
2 0.26875 0.125 0.0625 0.06666666666666667
2 0.446875 0.20416666666666666 0.0640625 0.07916666666666666
2 0.3171875 0.12916666666666668 0.0578125 0.058333333333333334
