0 0.15625 0.1 0.0203125 0.05
0 0.1015625 0.09166666666666666 0.0125 0.041666666666666664
5 0.44375 0.05416666666666667 0.0390625 0.075
5 0.4203125 0.09791666666666667 0.0453125 0.0625
2 0.35 0.33958333333333335 0.134375 0.18333333333333332
2 0.496875 0.04375 0.03125 0.03333333333333333
2 0.2515625 0.03125 0.0390625 0.03333333333333333
7 0.4578125 0.04583333333333333 0.0625 0.09375
2 0.584375 0.0125 0.01875 0.027083333333333334
2 0.6140625 0.03333333333333333 0.01875 0.03125
2 0.5203125 0.1125 0.0390625 0.05
2 0.321875 0.0625 0.046875 0.0375
