2 0.7765625 0.9291666666666667 0.26875 0.1375
7 0.465625 0.04583333333333333 0.0578125 0.09166666666666666
2 0.5015625 0.0125 0.0265625 0.025
2 0.18125 0.17083333333333334 0.084375 0.075
2 0.2515625 0.03125 0.0390625 0.0375
2 0.55 0.06666666666666667 0.03125 0.04583333333333333
2 0.190625 0.2 0.0953125 0.1
2 0.5171875 0.225 0.0578125 0.07708333333333334
2 0.265625 0.46875 0.1453125 0.19583333333333333
2 0.5796875 0.10833333333333334 0.0390625 0.06875
2 0.353125 0.6104166666666667 0.1578125 0.2604166666666667
2 0.50625 0.12708333333333333 0.0421875 0.05416666666666667
2 0.3359375 0.0875 0.05 0.04583333333333333
