0 0.675 0.14375 0.0125 0.058333333333333334
0 0.91875 0.4166666666666667 0.0265625 0.09375
2 0.4546875 0.014583333333333334 0.0265625 0.03125
7 0.4453125 0.1875 0.0953125 0.16666666666666666
2 0.253125 0.03125 0.0375 0.03333333333333333
7 0.3046875 0.09583333333333334 0.1265625 0.16041666666666668
2 0.578125 0.13125 0.034375 0.05
2 0.521875 0.23333333333333334 0.0625 0.09375
2 0.565625 0.04583333333333333 0.0265625 0.0375
2 0.4625 0.03333333333333333 0.0265625 0.0375
2 0.4046875 0.04791666666666667 0.034375 0.0375
2 0.05 0.24583333333333332 0.1015625 0.10625
5 0.2671875 0.11458333333333333 0.071875 0.14375
