5 0.44375 0.05625 0.0390625 0.06875
0 0.2203125 0.10833333333333334 0.0125 0.04583333333333333
2 0.4953125 0.04583333333333333 0.03125 0.0375
2 0.2515625 0.03125 0.0390625 0.03333333333333333
7 0.4578125 0.04583333333333333 0.0625 0.09375
2 0.5328125 0.08541666666666667 0.0390625 0.06666666666666667
2 0.5078125 0.010416666666666666 0.0234375 0.020833333333333332
2 0.1640625 0.08958333333333333 0.06875 0.041666666666666664
2 0.1484375 0.6291666666666667 0.23125 0.29375
2 0.3234375 0.09166666666666666 0.053125 0.05416666666666667
