7 0.4640625 0.04583333333333333 0.0578125 0.09166666666666666
2 0.625 0.016666666666666666 0.01875 0.029166666666666667
2 0.428125 0.09375 0.0421875 0.05416666666666667
2 0.2515625 0.03125 0.0390625 0.0375
2 0.5859375 0.010416666666666666 0.01875 0.020833333333333332
2 0.0640625 0.8333333333333334 0.1296875 0.31666666666666665
2 0.5609375 0.04583333333333333 0.0265625 0.03333333333333333
2 0.5578125 0.09791666666666667 0.03125 0.04583333333333333
2 0.390625 0.3020833333333333 0.09375 0.11875
2 0.484375 0.15625 0.053125 0.06666666666666667
2 0.1390625 0.23541666666666666 0.1109375 0.10833333333333334
