2 0.4265625 0.09375 0.0453125 0.05416666666666667
2 0.584375 0.0125 0.01875 0.025
2 0.6109375 0.04375 0.0234375 0.03333333333333333
2 0.2515625 0.03125 0.0390625 0.0375
2 0.0796875 0.8166666666666667 0.1609375 0.34375
2 0.3734375 0.30833333333333335 0.0984375 0.12916666666666668
2 0.034375 0.26458333333333334 0.06875 0.11875
2 0.5640625 0.04583333333333333 0.0234375 0.03333333333333333
2 0.534375 0.18333333333333332 0.046875 0.06875
2 0.5265625 0.1 0.0375 0.05
2 0.1375 0.24583333333333332 0.103125 0.10833333333333334
2 0.3125 0.12916666666666668 0.0625 0.0625
