0 0.203125 0.11041666666666666 0.0203125 0.0625
0 0.109375 0.09791666666666667 0.0125 0.04583333333333333
7 0.4578125 0.04583333333333333 0.0625 0.09375
2 0.4015625 0.052083333333333336 0.0453125 0.03333333333333333
2 0.4953125 0.04583333333333333 0.03125 0.0375
2 0.2515625 0.03125 0.0390625 0.03333333333333333
2 0.625 0.0125 0.01875 0.027083333333333334
2 0.4703125 0.17291666666666666 0.0703125 0.10625
2 0.178125 0.5645833333333333 0.2421875 0.32083333333333336
2 0.5546875 0.06041666666666667 0.028125 0.0375
2 0.2828125 0.07083333333333333 0.0546875 0.041666666666666664
