2 0.428125 0.04583333333333333 0.0421875 0.06666666666666667
5 0.315625 0.075 0.046875 0.07916666666666666
2 0.453125 0.0125 0.0265625 0.027083333333333334
5 0.43125 0.08958333333333333 0.0640625 0.07708333333333334
2 0.3828125 0.09166666666666666 0.0390625 0.04583333333333333
2 0.2515625 0.027083333333333334 0.0390625 0.03125
2 0.1125 0.37083333333333335 0.0953125 0.12916666666666668
7 0.3390625 0.05416666666666667 0.0953125 0.11041666666666666
2 0.49375 0.04583333333333333 0.03125 0.041666666666666664
2 0.121875 0.22083333333333333 0.0609375 0.07708333333333334
2 0.521875 0.022916666666666665 0.025 0.03333333333333333
2 0.0171875 0.15416666666666667 0.034375 0.05416666666666667
