2 0.415625 0.04583333333333333 0.028125 0.03333333333333333
0 0.2203125 0.10833333333333334 0.015625 0.05
2 0.4203125 0.09791666666666667 0.0453125 0.06666666666666667
2 0.4953125 0.04583333333333333 0.03125 0.0375
2 0.2515625 0.03125 0.0390625 0.03333333333333333
2 0.521875 0.25 0.0546875 0.08541666666666667
2 0.1265625 0.2375 0.0625 0.08541666666666667
2 0.0578125 0.5020833333333333 0.1171875 0.25
2 0.38125 0.0875 0.0421875 0.05
2 0.3140625 0.09583333333333334 0.053125 0.05416666666666667
2 0.0421875 0.15416666666666667 0.0828125 0.1
2 0.3640625 0.06875 0.0390625 0.041666666666666664
