5 0.315625 0.075 0.046875 0.08333333333333333
2 0.428125 0.04583333333333333 0.0453125 0.0625
2 0.4921875 0.04583333333333333 0.0375 0.04583333333333333
5 0.4296875 0.08541666666666667 0.0671875 0.08541666666666667
2 0.4640625 0.0375 0.034375 0.0375
2 0.3828125 0.09166666666666666 0.0390625 0.04583333333333333
2 0.2515625 0.027083333333333334 0.0390625 0.03125
2 0.2125 0.08541666666666667 0.0609375 0.04583333333333333
2 0.4984375 0.014583333333333334 0.0265625 0.029166666666666667
2 0.86875 0.9020833333333333 0.2546875 0.19166666666666668
7 0.340625 0.05625 0.0984375 0.11458333333333333
2 0.5609375 0.05416666666666667 0.0265625 0.0375
2 0.53125 0.0875 0.034375 0.04583333333333333
