0 0.0953125 0.09375 0.01875 0.05
5 0.44375 0.05625 0.0390625 0.06875
2 0.5875 0.008333333333333333 0.01875 0.01875
2 0.6265625 0.014583333333333334 0.01875 0.025
2 0.2515625 0.03125 0.0390625 0.03333333333333333
2 0.4984375 0.041666666666666664 0.028125 0.03333333333333333
2 0.56875 0.04375 0.025 0.03333333333333333
2 0.4625 0.19791666666666666 0.0578125 0.07708333333333334
7 0.4578125 0.04583333333333333 0.0609375 0.09166666666666666
2 0.090625 0.78125 0.18125 0.42291666666666666
2 0.5984375 0.07083333333333333 0.0265625 0.041666666666666664
2 0.3625 0.05 0.0390625 0.03333333333333333
