5 0.315625 0.075 0.046875 0.08333333333333333
2 0.0453125 0.5791666666666667 0.090625 0.23333333333333334
2 0.4796875 0.00625 0.025 0.014583333333333334
2 0.2515625 0.027083333333333334 0.0390625 0.03125
2 0.3828125 0.09166666666666666 0.0390625 0.04583333333333333
2 0.4296875 0.04583333333333333 0.0421875 0.06666666666666667
2 0.49375 0.04583333333333333 0.03125 0.041666666666666664
7 0.34375 0.05416666666666667 0.1 0.11041666666666666
5 0.4296875 0.08958333333333333 0.0625 0.07916666666666666
2 0.53125 0.016666666666666666 0.03125 0.03125
2 0.1421875 0.29375 0.0625 0.10833333333333334
2 0.0625 0.17708333333333334 0.078125 0.06666666666666667
