2 0.428125 0.09375 0.0421875 0.05416666666666667
2 0.809375 0.9104166666666667 0.33125 0.175
2 0.1546875 0.18541666666666667 0.0875 0.08541666666666667
2 0.4984375 0.0125 0.0265625 0.027083333333333334
2 0.15625 0.225 0.1078125 0.10208333333333333
2 0.2515625 0.03125 0.0390625 0.03333333333333333
7 0.4640625 0.04583333333333333 0.0578125 0.09166666666666666
2 0.3125 0.40625 0.125 0.16666666666666666
2 0.55625 0.058333333333333334 0.0265625 0.04583333333333333
2 0.584375 0.1 0.0390625 0.06875
2 0.3890625 0.5395833333333333 0.134375 0.21875
2 0.51875 0.11458333333333333 0.0375 0.05
2 0.3234375 0.09583333333333334 0.053125 0.04583333333333333
2 0.53125 0.20416666666666666 0.05 0.07083333333333333
