2 0.9609375 0.8875 0.078125 0.21875
2 0.4265625 0.09375 0.0453125 0.058333333333333334
2 0.3875 0.075 0.046875 0.06875
2 0.2515625 0.03125 0.0390625 0.03333333333333333
2 0.5765625 0.03125 0.025 0.03333333333333333
2 0.425 0.25 0.075 0.1
2 0.5546875 0.12916666666666668 0.034375 0.05
2 0.546875 0.06875 0.03125 0.041666666666666664
2 0.5984375 0.07083333333333333 0.03125 0.058333333333333334
2 0.2890625 0.6708333333333333 0.18125 0.30833333333333335
2 0.4828125 0.3375 0.0796875 0.11875
2 0.259375 0.13125 0.0640625 0.05416666666666667
